# HMDB01645 (L-Norleucine) HNMR Peaklists:
Table of Peaks
No.	(ppm)	(Hz)	Height
1	0.893	535.5	0.1067
2	0.905	542.7	0.2414
3	0.917	549.8	0.1131
4	1.304	781.6	0.0065
5	1.309	784.5	0.0107
6	1.313	787.3	0.0150
7	1.317	789.5	0.0115
8	1.323	793.0	0.0199
9	1.331	797.9	0.0235
10	1.335	800.5	0.0302
11	1.344	805.3	0.0603
12	1.356	812.6	0.0919
13	1.368	819.8	0.0859
14	1.377	825.1	0.0518
15	1.385	829.9	0.0224
16	1.394	835.7	0.0159
17	1.399	838.7	0.0084
18	1.404	841.4	0.0081
19	1.803	1080.4	0.0058
20	1.811	1085.5	0.0060
21	1.814	1087.5	0.0084
22	1.819	1090.5	0.0126
23	1.827	1094.9	0.0196
24	1.831	1097.4	0.0163
25	1.835	1100.0	0.0161
26	1.838	1102.0	0.0233
27	1.840	1102.9	0.0232
28	1.843	1104.8	0.0309
29	1.846	1106.8	0.0190
30	1.855	1112.1	0.0359
31	1.865	1118.0	0.0424
32	1.874	1123.5	0.0338
33	1.883	1128.6	0.0243
34	1.889	1132.5	0.0199
35	1.892	1133.8	0.0181
36	1.898	1137.8	0.0112
37	1.907	1142.8	0.0081
38	1.915	1148.1	0.0043
39	3.729	2234.9	0.0803
40	3.737	2240.2	0.0938
41	3.740	2241.7	0.0874
42	3.749	2247.2	0.0769

Table of Muliplets
No.	Shift1 (ppm)	H's	Type	J (Hz)	Atom1	Multiplet1	 (ppm)
1	0.905	28	t	7.14	9	M01	[0.891 .. 0.919]
2	1.353	39	m	-	8, 7	M02	[1.317 .. 1.394]
3	1.854	21	m	-	6	M03	[1.811 .. 1.907]
4	3.739	12	dd	6.92, 5.38	4	M04	[3.727 .. 3.750]

Table of Assignments
No.	Atom	Exp. Shift (ppm)	Multiplet
1	9	0.905	M01
2	8	1.353	M02
3	7	1.353	M02
4	6	1.854	M03
5	4	3.739	M04



Table of Experiment Metadata
L-Norleucine (HMDB01645)
1H NMR spectrum: 600 MHz in H2O
Sample: 25 mM at pH 7.0
Referenced to DSS

Table of Peaks
No. (ppm) (Hz) Height
1 0.876 525.99 0.4632
2 0.888 533.20 1.0000
3 0.890 534.52 0.2220
4 0.895 537.49 0.1590
5 0.900 540.24 0.4758
6 1.281 769.07 0.0240
7 1.286 772.20 0.0301
8 1.290 774.62 0.0547
9 1.300 780.62 0.0677
10 1.303 782.43 0.0605
11 1.308 785.02 0.0708
12 1.317 790.91 0.1091
13 1.321 792.83 0.0885
14 1.325 795.47 0.1702
15 1.326 796.24 0.1596
16 1.329 797.62 0.1624
17 1.330 798.72 0.1524
18 1.337 802.46 0.3397
19 1.341 804.88 0.1556
20 1.342 805.82 0.1547
21 1.348 809.50 0.3077
22 1.350 810.38 0.2933
23 1.353 812.20 0.1587
24 1.358 815.12 0.1668
25 1.362 817.48 0.1508
26 1.367 820.62 0.0914
27 1.370 822.16 0.0905
28 1.372 823.37 0.0697
29 1.379 828.10 0.0694
30 1.389 834.10 0.0393
31 1.791 1075.14 0.0181
32 1.799 1080.15 0.0181
33 1.802 1081.85 0.0242
34 1.808 1085.26 0.0333
35 1.811 1087.13 0.0279
36 1.815 1089.55 0.0755
37 1.819 1091.81 0.0442
38 1.826 1096.38 0.0874
39 1.832 1099.57 0.1150
40 1.836 1102.04 0.0913
41 1.843 1106.45 0.1327
42 1.846 1107.99 0.1673
43 1.855 1113.60 0.1428
44 1.863 1118.50 0.0908
45 1.870 1122.51 0.0649
46 1.872 1123.83 0.0626
47 1.879 1127.96 0.0351
48 1.887 1132.91 0.0246
49 1.893 1136.49 0.0103
50 1.896 1138.25 0.0137
51 3.723 2235.12 0.2674
52 3.732 2240.62 0.3467
53 3.734 2241.94 0.2834
54 3.743 2247.28 0.2622

Table of Multiplets
No. Shift1 (ppm) H's Type J (Hz) Atom1 Multiplet1 (ppm)
1 0.89 3 t 7.13 9 M04 [0.86 .. 0.92]
2 1.34 4 m - 8, 7 M03 [1.27 .. 1.40]
3 1.84 2 m - 6 M02 [1.78 .. 1.90]
4 3.73 1 dd 6.74, 5.42 4 M01 [3.71 .. 3.76]

Table of Assignments
No. Atom Exp. Shift (ppm) Multiplet
1 9 0.89 M04
2 8 1.34 M03
3 7 1.34 M03
4 6 1.84 M02
5 4 3.73 M01
 


# HMDB01645 (L-Norleucine) 2D HSQC Peaklist:
L-Norleucine (HMDB01645) 
2D HSQC spectrum
25 mM at pH 7.0; 298 K
Referenced to DSS

     #     F2[ppm]           F1[ppm]       Intensity       

     1  3.7327           57.5092      9099884.00
     2  1.8402           32.8416      6371783.50
     3  1.3440           28.9642      3636854.00
     4  1.3256           24.2458      5395157.50
     5  0.8891           15.6500      1350841.50

 


