# HMDB00122 (D-Glucose) HNMR Peaklists:
Table of Peaks
No.	(ppm)	(Hz)	Height
1	5.23	3132.5	0.5574
2	5.22	3128.8	0.5618
3	4.64	2781.5	0.6349
4	4.63	2773.6	0.6456
5	3.90	2338.3	0.4822
6	3.90	2336.1	0.5022
7	3.88	2326.0	0.6194
8	3.88	2323.8	0.6200
9	3.85	2305.2	0.2246
10	3.84	2303.0	0.2758
11	3.83	2295.3	0.2722
12	3.82	2292.0	0.6359
13	3.82	2287.0	0.2466
14	3.81	2281.9	0.2183
15	3.80	2279.9	0.1966
16	3.77	2259.7	0.3464
17	3.76	2254.5	0.3271
18	3.75	2247.4	0.2639
19	3.74	2242.4	0.1464
20	3.73	2236.0	0.5426
21	3.72	2230.1	0.7939
22	3.71	2223.7	0.4751
23	3.70	2220.2	0.6160
24	3.70	2218.0	0.5539
25	3.69	2210.8	0.3486
26	3.54	2119.3	0.3547
27	3.53	2115.5	0.3549
28	3.52	2109.6	0.2997
29	3.51	2105.6	0.2945
30	3.49	2094.4	0.4225
31	3.48	2085.4	1.0000
32	3.46	2076.0	0.9013
33	3.46	2072.3	0.2721
34	3.45	2068.3	0.4156
35	3.45	2066.1	0.4213
36	3.44	2062.6	0.3995
37	3.44	2060.4	0.3680
38	3.42	2049.2	0.2840
39	3.41	2043.3	0.8390
40	3.40	2039.6	0.4679
41	3.39	2033.9	0.8179
42	3.39	2030.1	0.2779
43	3.38	2024.4	0.3189
44	3.25	1946.7	0.5760
45	3.23	1938.6	0.7039
46	3.22	1929.4	0.5007

Table of Multiplets
No.	Shift1 (ppm)	H's	Type	J (Hz)	Atom1	Multiplet1	(ppm)
1	3.23	2	m	-	2	M04	[3.20 .. 3.26]
2	3.45	2	m	-	7, 5	M03	[3.36 .. 3.56]
3	3.79	1	m	-	3	M02	[3.67 .. 3.92]
4	4.63	1	d	7.90	9	M01	[4.61 .. 4.65]
5	5.22	1	d	3.73	11	M00	[5.21 .. 5.24]

Table of Assignments
No.	Atom	Exp. Shift (ppm)	Multiplet
1	2	3.23	M04
2	3	3.79	M02
3	5	3.45	M03
4	7	3.45	M03
5	9	4.63	M01
6	11	5.22	M00
 


# HMDB00122 (D-Glucose) CNMR Peaklist:



# HMDB00122 (D-Glucose) 2D HSQC Peaklist:
	#	F2[ppm]	F1[ppm]	Intensity	Annotation

	1	5.2213	94.8809	1957848.00
	2	3.8891	63.3933	394608.00
	3	3.8219	63.3242	560260.00
	4	3.8126	74.1491	466648.00
	5	3.7014	75.6017	542540.00
	6	3.7200	63.5317	552092.00
	7	3.5208	74.3220	514656.00
	8	3.4582	78.6451	1441448.00
	9	3.3980	72.4545	1533084.00
	10	3.2266	77.0196	1268032.00

 


