# HMDB02308 (Hydroxycobalamin) HNMR Peaklists:
Table of Peaks
No.	(ppm)	(Hz)	Height
1	0.486	291.49	0.0162
2	1.266	759.93	0.0685
3	1.283	770.50	0.0363
4	1.429	857.70	0.0218
5	1.488	893.57	0.0211
6	1.911	1146.94	0.0236
7	2.238	1343.47	0.0553
8	2.294	1377.20	0.0380
9	2.584	1551.33	0.0167
10	2.617	1571.09	0.0421
11	2.645	1588.14	0.0392
12	2.683	1610.59	0.0177
13	2.792	1675.90	0.0042
14	2.808	1685.58	0.0045
15	2.815	1690.04	0.0046
16	2.831	1699.50	0.0042
17	3.364	2019.77	0.0044
18	3.382	2030.45	0.0043
19	3.675	2206.51	0.0046
20	3.699	2220.70	0.0044
21	3.729	2238.59	0.0037
22	3.736	2242.60	0.0041
23	3.750	2251.07	0.0051
24	3.757	2255.20	0.0048
25	3.804	2283.70	0.0031
26	3.813	2289.31	0.0033
27	3.822	2294.21	0.0032
28	3.830	2299.38	0.0030
29	3.876	2327.06	0.0034
30	3.882	2330.25	0.0049
31	3.897	2339.55	0.0028
32	3.903	2342.90	0.0036
33	4.047	2429.50	0.0046
34	4.054	2433.57	0.0048
35	4.061	2437.76	0.0052
36	4.067	2441.39	0.0037
37	4.107	2465.60	0.0075
38	4.113	2469.12	0.0087
39	4.119	2472.86	0.0045
40	4.184	2511.92	0.0056
41	4.204	2523.53	0.0060
42	4.313	2589.39	0.0030
43	4.320	2593.41	0.0032
44	4.622	2774.48	0.0026
45	4.636	2783.12	0.0049
46	4.642	2786.91	0.0046
47	4.655	2794.45	0.0061
48	4.670	2803.64	0.0041
49	6.157	3696.33	0.0171
50	6.167	3702.49	0.0133
51	6.597	3960.48	0.0121
52	6.723	4036.24	0.0170
53	7.139	4285.76	0.0124

Table of Multiplets
No.	Shift1 (ppm)	H's	Type	J (Hz)	Atom1	Multiplet1	(ppm)
1	0.49	1	s	-	60	M27	[0.47 .. 0.51]
2	1.27	2	s	-	30, 70	M26	[1.26 .. 1.27]
3	1.29	3	s	-	56	M25	[1.28 .. 1.29]
4	1.43	3	s	-	65	M24	[1.41 .. 1.44]
5	1.49	3	s	-	71	M23	[1.47 .. 1.50]
6	1.91	3	s	-	81	M22	[1.90 .. 1.92]
7	2.24	3	s	-	26	M21	[2.23 .. 2.25]
8	2.30	1	m	-	27	M20	[2.29 .. 2.31]
9	2.62	3	s	-	69	M19	[2.61 .. 2.63]
10	2.65	3	m	-	76	M18	[2.63 .. 2.67]
11	2.81	1	dd	14.03, 9.57	20	M17	[2.77 .. 2.86]
12	3.02	1	m	-	M16	[2.96 .. 3.09]
13	3.37	0	d	-	M15	[3.35 .. 3.40]
14	3.69	1	d	-	20	M14	[3.66 .. 3.71]
15	3.74	1	dd	-	24	M13	[3.72 .. 3.77]
16	3.80	0	m	-	53	M12	[3.79 .. 3.85]
17	3.89	1	dd	-	24	M11	[3.85 .. 3.93]
18	4.05	1	br. s.	-	5	M10	[4.03 .. 4.08]
19	4.11	1	t	-	3	M09	[4.09 .. 4.14]
20	4.20	1	d	-	35	M08	[4.15 .. 4.24]
21	4.31	1	br. s.	-	19	M07	[4.27 .. 4.37]
22	4.62	1	br. s.	-	4, 39	M06	[4.61 .. 4.70]
23	6.16	1	s	-	55	M05	[6.15 .. 6.16]
24	6.17	1	br. s.	-	2	M04	[6.16 .. 6.18]
25	6.60	0	s	-	11	M03	[6.58 .. 6.62]
26	6.72	0	s	-	7	M02	[6.70 .. 6.75]
27	7.14	1	s	-	14	M01	[7.12 .. 7.17]

Table of Assignments
No.	Atom	Exp. Shift (ppm)	Multiplet
1	60	0.49	M27
2	30	1.27	M26
3	70	1.27	M26
4	56	1.29	M25
5	65	1.43	M24
6	71	1.49	M23
7	81	1.91	M22
8	26	2.24	M21
9	27	2.30	M20
10	69	2.62	M19
11	76	2.65	M18
12	20	2.81	M17
13	20	3.69	M14
14	24	3.74	M13
15	53	3.80	M12
16	24	3.89	M11
17	5	4.05	M10
18	3	4.11	M09
19	35	4.20	M08
20	19	4.31	M07
21	4	4.62	M06
22	39	4.62	M06
23	55	6.16	M05
24	2	6.17	M04
25	11	6.60	M03
26	7	6.72	M02
27	14	7.14	M01
 


# HMDB02308 (Hydroxycobalamin) 2D HSQC Peaklist:
     #   F2[ppm]           F1[ppm]      Intensity       
     1  7.1403          112.5406      4317953.69
     2  6.7812          143.7688       431928.19
     3  6.7225          143.5794       616654.81
     4  6.5817          117.8676       415502.81
     5  6.1706           95.2909      2028428.75
     6  6.1659           88.0450      5109797.31
     7  6.1584           96.2391      3648159.44
     8  4.6625           57.4330      1846711.69
     9  4.6375           75.3635      3032059.19
    10  4.3165           73.5416      2173640.88
    11  4.2042           58.1617       764812.56
    12  4.1932           75.0754      1267052.88
    13  4.1122           70.5764      4389947.00
    14  4.0548           83.6595      3385233.56
    15  3.8894           62.5345      1428800.81
    16  3.8174           56.7692      1761244.63
    17  3.7425           62.5626      1481337.38
    18  3.6891           46.8117       809354.50
    19  3.5541           58.1109       765695.69
    20  3.4896           55.1163       735512.06
    21  3.3732           55.4353      1216794.06
    22  3.0268           40.2498       496739.44
    23  2.8100           46.8179      1709110.19
    24  2.7163           33.7917       389362.63
    25  2.6871           33.5405       415916.81
    26  2.6342           32.5729      5560597.81
    27  2.6302           16.3175      2422595.81
    28  2.6051           33.1934       590517.25
    29  2.5547           35.5516      3394056.31
    30  2.4969           43.5092       430493.13
    31  2.4912           36.2049      1552737.63
    32  2.4643           43.3310       357197.63
    33  2.4524           45.8450       246926.56
    34  2.4354           36.2444       293320.69
    35  2.3455           43.2291       567696.56
    36  2.2911           20.8662      6250648.06
    37  2.2370           20.2059      3242457.63
    38  2.2314           43.2731      1086677.00
    39  2.2266           33.1922      1258784.50
    40  2.2000           43.4492       432807.63
    41  2.1854           45.8311       344403.88
    42  2.1313           27.8990       765783.69
    43  2.0947           29.5830       978268.56
    44  2.0738           27.5622       666846.81
    45  1.9771           27.8990      1249481.06
    46  1.9335           20.5453      1952620.81
    47  1.9083           20.2366      2617856.13
    48  1.8752           29.5830      1044008.50
    49  1.8578           33.8773       762984.31
    50  1.8412           33.6528       910455.81
    51  1.7654           33.2037       947255.38
    52  1.5061           21.2459      3088935.69
    53  1.4878           20.9218      5070235.06
    54  1.4298           17.7870      1177087.19
    55  1.3784           18.0487       861983.44
    56  1.3205           32.8772      3290153.19
    57  1.2822           17.4219       456186.13
    58  1.2688           33.1845      6374969.75
    59  1.2650           24.2124      6364773.44
    60  1.2555           20.2180      4341268.69
    61  1.2557           73.6245       514091.13
    62  1.2135           27.3921       268300.63
    63  1.0980           27.7168       582247.50
    64  0.4650           20.8986      1371867.69

 


