# HMDB03249 (Rutin) HNMR Peaklists:
Table of Peaks
No.	(ppm)	Height
1	1.12	0.5552
2	1.13	0.5664
3	3.25	0.0835
4	3.26	0.1179
5	3.27	0.1627
6	3.28	0.2532
7	3.28	0.1821
8	3.29	0.1699
9	3.30	0.3727
10	3.31	0.7051
11	3.31	1.0000
12	3.31	0.7160
13	3.31	0.4353
14	3.32	0.1132
15	3.33	0.0997
16	3.33	0.0571
17	3.34	0.0526
18	3.34	0.0522
19	3.38	0.0947
20	3.39	0.0735
21	3.39	0.1076
22	3.40	0.1244
23	3.41	0.0833
24	3.42	0.2134
25	3.43	0.1605
26	3.43	0.1002
27	3.44	0.0953
28	3.45	0.0815
29	3.46	0.2120
30	3.47	0.1783
31	3.47	0.1116
32	3.49	0.0962
33	3.53	0.1255
34	3.53	0.1381
35	3.54	0.1083
36	3.55	0.1217
37	3.63	0.1504
38	3.63	0.1594
39	3.63	0.1428
40	3.64	0.1407
41	3.79	0.0990
42	3.80	0.1079
43	3.81	0.0956
44	3.81	0.0867
45	4.52	0.2310
46	4.52	0.2333
47	5.10	0.2544
48	5.11	0.2470
49	6.20	0.2589
50	6.21	0.2640
51	6.39	0.2749
52	6.40	0.2620
53	6.87	0.2776
54	6.88	0.2785
55	7.62	0.1493
56	7.62	0.1675
57	7.63	0.1344
58	7.64	0.1607
59	7.66	0.2833
60	7.67	0.2322

Table of Multiplets
No.	Shift1 (ppm)	H's	Type	J (Hz)		Atom1		Multiplet1	 (ppm)
1	1.12		3	d	6.22		18		M13		[1.09 .. 1.15]
2	3.31		3	m	-		14, 5, 9		M12		[3.23 .. 3.36]
3	3.43		4	m	-		8, 13, 6, 12	M11		[3.36 .. 3.50]
4	3.54		1	dd	9.52, 3.47	4		M10		[3.51 .. 3.57]
5	3.63		1	dd	3.41, 1.65	3		M09		[3.60 .. 3.66]
6	3.80		1	dd	11.03, 1.40	8		M08		[3.77 .. 3.84]
7	4.52		1	d	1.49		2		M07		[4.50 .. 4.54]
8	5.11		1	d	7.70		11		M06		[5.08 .. 5.13]
9	6.21		1	d	2.09		27		M05		[6.18 .. 6.23]
10	6.39		1	d	2.09		29		M04		[6.37 .. 6.42]

Table of Assignments
No.	Atom	Exp. Shift (ppm)	Multiplet
1	18	1.12		M13
2	14	3.31		M12
3	5	3.31		M12
4	9	3.31		M12
5	8	3.43		M11
6	13	3.43		M11
7	6	3.43		M11
8	12	3.43		M11
9	4	3.54		M10
10	3	3.63		M09
11	8	3.80		M08
12	2	4.52		M07
13	11	5.11		M06
14	27	6.21		M05
15	29	6.39		M04
16	38	6.87		M03
17	39	7.63		M02
18	35	7.67		M01


 


# HMDB03249 (Rutin) 2D HSQC Peaklist:
     #   F2[ppm]           F1[ppm]       Intensity       
     1   7.6660          117.6142     16995893.19
     2   7.6286          123.5865      9797095.06
     3   6.8719          116.0132      9282192.19
     4   6.3968           95.0398     17205776.44
     5   6.2063          100.0143     18447814.50
     6   5.1064          104.7599     11622695.25
     7   4.5196          102.5074     16811147.38
     8   3.8043           68.6043      3710499.69
     9   3.6339           72.1331     18867833.44
    10   3.5375           72.2746      7374360.38
    11   3.4696           75.7823      8024542.75
    12   3.4464           69.8091      7604267.13
    13   3.4114           78.2453      6596148.13
    14   3.3901           68.6048      4583362.94
    15   3.3232           77.2400      5890495.63
    16   3.2764           73.9522      7663025.06
    17   3.2646           71.4661      7159314.94
    18   1.1201           18.0202      3759001.81

 


