# HMDB02086 (Adenosylcobalamin) HNMR Peaklists:
No. (ppm) (Hz) Height
1 0.46 276.8 0.0887
2 0.83 498.5 0.1334
3 0.89 531.7 0.0096
4 0.90 541.2 0.0112
5 0.91 545.0 0.0179
6 0.93 556.6 0.0114
7 0.94 562.4 0.0089
8 1.20 720.8 0.1123
9 1.21 727.2 0.1161
10 1.25 751.1 0.0153
11 1.26 757.5 0.0153
12 1.32 789.5 0.1298
13 1.35 810.1 0.0205
14 1.37 819.6 0.2957
15 1.39 832.9 0.0202
16 1.47 881.6 0.0150
17 1.49 896.4 0.0135
18 1.53 919.8 0.0230
19 1.55 928.9 0.0217
20 1.70 1021.8 0.1161
21 1.73 1038.4 0.0397
22 1.74 1043.7 0.0336
23 1.74 1046.5 0.0446
24 1.76 1054.7 0.0589
25 1.76 1059.2 0.0360
26 1.77 1062.8 0.0375
27 1.78 1071.2 0.0283
28 1.81 1086.0 0.0113
29 1.82 1090.3 0.0104
30 1.92 1150.0 0.0151
31 1.95 1172.5 0.0126
32 1.97 1182.3 0.0138
33 1.98 1187.4 0.0129
34 2.04 1226.3 0.0187
35 2.05 1231.2 0.0189
36 2.07 1243.9 0.0331
37 2.09 1254.0 0.0288
38 2.20 1320.0 0.2953
39 2.21 1328.6 0.0351
40 2.23 1338.2 0.0304
41 2.42 1453.8 0.2255
42 2.43 1461.3 0.0530
43 2.45 1472.5 0.2650
44 2.48 1491.8 0.0310
45 2.50 1498.8 0.0401
46 2.51 1509.7 0.0500
47 2.53 1518.5 0.0369
48 2.54 1526.0 0.0461
49 2.56 1534.5 0.0273
50 2.61 1568.7 0.0398
51 2.64 1582.6 0.0474
52 2.65 1592.3 0.0180
53 2.68 1607.7 0.0341
54 2.69 1614.9 0.0200
55 2.70 1621.6 0.0177
56 2.85 1709.2 0.0282
57 2.86 1719.9 0.0279
58 3.15 1889.7 0.0159
59 3.16 1897.2 0.0185
60 3.17 1904.7 0.0174
61 3.18 1911.2 0.0108
62 3.28 1968.7 0.0224
63 3.29 1973.9 0.0226
64 3.30 1980.2 0.0216
65 3.31 1985.1 0.0221
66 3.52 2113.3 0.0165
67 3.54 2126.3 0.0159
68 3.72 2235.5 0.0193
69 3.73 2239.2 0.0259
70 3.74 2244.2 0.0287
71 3.75 2250.7 0.0516
72 3.76 2256.9 0.0278
73 3.88 2326.7 0.0293
74 3.89 2337.1 0.0227
75 4.07 2443.4 0.0249
76 4.09 2454.9 0.0423
77 4.10 2463.5 0.0282
78 4.22 2533.7 0.0256
79 4.23 2536.7 0.0318
80 4.23 2540.8 0.0420
81 4.24 2544.2 0.0461
82 4.32 2591.5 0.0118
83 4.33 2597.1 0.0179
84 4.33 2598.1 0.0202
85 4.34 2602.7 0.0197
86 4.34 2605.0 0.0205
87 4.35 2610.6 0.0114
88 4.53 2719.1 0.0269
89 4.54 2724.6 0.0299
90 4.54 2728.2 0.0284
91 4.71 2824.7 0.0141
92 4.71 2825.1 0.0147
93 4.71 2828.2 0.0112
94 4.71 2829.2 0.0154
95 4.71 2829.6 0.0145
96 4.72 2830.7 0.0118
97 4.72 2833.2 0.0175
98 4.72 2833.7 0.0180
99 4.72 2834.1 0.0162
100 4.72 2835.2 0.0131
101 4.73 2836.7 0.0183
102 4.73 2837.2 0.0185
103 4.73 2837.7 0.0187
104 4.73 2838.1 0.0178
105 4.73 2839.7 0.0118
106 4.73 2840.2 0.0128
107 4.73 2840.8 0.0140
108 4.73 2841.2 0.0143
109 4.73 2842.2 0.0102
110 4.74 2845.2 0.0138
111 4.74 2845.7 0.0137
112 5.56 3335.8 0.0594
113 5.56 3339.1 0.0649
114 5.92 3551.9 0.1046
115 6.23 3737.9 0.0830
116 6.24 3744.0 0.0564
117 6.24 3747.2 0.0632
118 6.26 3758.7 0.0341
119 6.40 3844.6 0.0256
120 6.85 4109.6 0.0195
121 6.89 4135.3 0.0157
122 6.93 4159.0 0.1158
123 6.98 4187.5 0.0236
124 7.04 4224.9 0.0160
125 7.15 4291.8 0.1011
126 7.51 4507.0 0.0158
127 7.61 4570.8 0.0133
128 7.76 4658.2 0.0202
129 7.85 4710.1 0.0137
130 7.94 4764.4 0.0089
131 8.01 4809.9 0.1326
132 8.18 4911.4 0.0154
133 8.19 4917.7 0.0295
134 8.20 4923.5 0.0171
135 8.22 4934.7 0.1030
 


# HMDB02086 (Adenosylcobalamin) 2D HSQC Peaklist:
     #     F2[ppm]           F1[ppm]       Intensity       

     1   8.2234          155.4499       539258.00
     2   8.0144          143.3290       652808.00
     3   6.9355          144.0866       218782.00
     4   7.1493          112.8754      1175054.00
     5   6.2259          120.9054      1207450.00
     6  5.9197           97.1183      1381626.00
     7  5.5600           90.3003      1367554.00
     8   6.2405           88.7852      1091670.00
     9  4.7301           75.6254       525758.00
    10  4.5531           74.9912       528312.00
    11  4.3338           75.4668       555642.00
    12  4.2411           76.1010       391170.00
    13  4.0809           83.8696       820500.00
    14  2.5042           87.9918       531248.00
    15  3.7521           76.1010       871644.00
    16  4.2327           71.6618      1114858.00
    17  3.8954           62.7833       538540.00
    18  3.7436           62.6248       523460.00
    19  4.0978           57.7099       542372.00
    20  3.2968           56.7587       598306.00
    21  2.9258           56.9172       555392.00
    22  2.8667           55.1732       530876.00
    23  3.1534           47.2460       283422.00
    24  3.5328           47.2460       274130.00
    25  2.4276           45.7429       658292.00
    26  2.2259           44.7264       238284.00
    27  1.7380           44.6586       160018.00
    28  2.6373           41.8801       326462.00
    29  2.5122           37.6786       620094.00
    30 2.6614           34.0869       100252.00
    31  2.5284           34.0869       160064.00
    32  2.4437           33.9514       181632.00
    33  2.0687           33.9514       268114.00
    34  1.7662           34.2224       237092.00
    35  0.9113           34.2902       260602.00
    36  0.8307           33.6125      1881942.00
    37  2.1009           29.7498       269354.00
    38  2.0162           29.8176       307412.00
    39  2.0767           28.8011       248924.00
    40  1.9679           28.6655       162240.00
    41  1.7582           28.0556       238020.00
    42  1.5404           26.9713       252552.00
    43  0.7904           28.2589       224282.00
    44  0.5323           26.9713       195518.00
    45  0.4597           22.9731      1243072.00
    46  1.3106           23.3797      1731450.00
    47  1.2057           21.1434      1214254.00
    48  1.3630           19.1104      1176946.00
    49  0.6250           17.4162       178188.00
    50  2.2017           21.8888      3062132.00
    51  1.7541           21.5500       476570.00
    52  1.7017           21.0756      1075416.00
    53  2.4534           18.3033       919086.00
    54  2.3872           18.3486       805784.00
    55  2.4206           17.8959       815500.00
    56  2.4863           17.8356       715174.00

 


