# HMDB00143 (D-Galactose) HNMR Peaklists:
Table of Peaks
No.	(ppm)	(Hz)	Height
1	3.46	1730.8	0.4695	
2	3.48	1738.7	0.5036	
3	3.48	1740.7	0.6077	
4	3.50	1748.6	0.5261	
5	3.62	1811.7	0.5521	
6	3.63	1815.2	0.5496	
7	3.64	1821.6	0.4081	
8	3.65	1825.1	0.4268	
9	3.68	1840.3	0.2687	
10	3.69	1844.5	0.3528	
11	3.70	1847.2	0.4021	
12	3.70	1847.9	0.4061	
13	3.71	1852.3	0.4695	
14	3.72	1857.2	0.4057	
15	3.72	1860.3	0.3853	
16	3.73	1864.5	0.5522	
17	3.73	1865.2	0.5505	
18	3.74	1870.1	0.8662	
19	3.75	1873.1	1.0000	
20	3.76	1880.8	0.4687	
21	3.77	1884.5	0.1270	
22	3.78	1889.4	0.1459	
23	3.79	1892.9	0.1910	
24	3.80	1899.7	0.3137	
25	3.81	1903.4	0.3251	
26	3.83	1915.5	0.2718	
27	3.84	1918.6	0.2579	
28	3.85	1925.8	0.1050	
29	3.86	1928.9	0.1240	
30	3.92	1958.3	0.5421	
31	3.92	1961.3	0.5125	
32	3.98	1987.7	0.2607	
33	3.98	1990.3	0.2189	
34	4.06	2029.8	0.1165	
35	4.07	2035.8	0.1565	
36	4.08	2041.8	0.0910	
37	5.25	2625.1	0.1585	
38	5.26	2628.8	0.1559	

Table of Multiplets
No.	Shift1 (ppm)	H's	Type	J (Hz)	Atom1	Multiplet1	(ppm)
1	3.48	1	dd	9.89, 7.88	3	M07	[3.45 .. 3.51]
2	3.64	1	dd	9.91, 3.50	4	M05	[3.61 .. 3.66]
3	3.72	3	m	-	6, 3, 11	M08	[3.67 .. 3.77]
4	3.82	1	m	-	4	M04	[3.78 .. 3.87]
5	3.92	1	d	3.07	5	M06	[3.91 .. 3.93]
6	3.98	1	d	2.66	5	M03	[3.97 .. 3.99]
7	4.07	1	t	5.98	6	M02	[4.06 .. 4.09]
8	5.26	1	d	3.66	2	M01	[5.25 .. 5.27]

Table of Assignments
No.	Atom	Exp. Shift (ppm)	Multiplet
1	3	3.48	M07
2	4	3.64	M05
3	6	3.72	M08
4	3	3.72	M08
5	11	3.72	M08
6	4	3.82	M04
7	5	3.92	M06
8	5	3.98	M03
9	6	4.07	M02
10	2	5.26	M01




Table of Peaks
No.	(ppm)	(Hz)	Height
1	3.47	2078.6	0.2091
2	3.48	2086.5	0.2302
3	3.48	2088.5	0.2653
4	3.50	2096.4	0.2564
5	3.63	2174.6	0.2684
6	3.63	2178.1	0.2689
7	3.64	2184.5	0.2095
8	3.65	2188.0	0.2269
9	3.68	2208.1	0.1100
10	3.68	2209.0	0.1202
11	3.69	2212.6	0.1430
12	3.69	2213.4	0.1410
13	3.69	2215.8	0.1655
14	3.70	2216.7	0.1692
15	3.70	2220.3	0.1977
16	3.70	2221.1	0.1928
17	3.72	2229.2	0.1837
18	3.72	2233.0	0.2140
19	3.73	2236.7	0.2812
20	3.73	2238.2	0.2213
21	3.74	2244.0	0.4285
22	3.75	2248.7	0.6636
23	3.76	2256.6	0.2753
24	3.77	2260.4	0.0841
25	3.78	2268.4	0.1156
26	3.79	2272.6	0.0717
27	3.80	2279.1	0.1528
28	3.81	2282.9	0.1595
29	3.83	2299.1	0.1452
30	3.84	2302.4	0.1438
31	3.85	2309.4	0.0653
32	3.86	2312.7	0.0751
33	3.92	2349.4	0.2942
34	3.92	2349.9	0.2922
35	3.92	2352.8	0.2793
36	3.98	2385.3	0.1394
37	3.98	2387.8	0.1256
38	4.06	2436.2	0.0666
39	4.07	2442.5	0.0847
40	4.08	2449.3	0.0636
41	4.57	2738.8	0.3345
42	4.58	2746.7	0.3193
43	5.25	3149.9	0.1786
44	5.26	3153.7	0.1709

Table of Multiplets
No.	Shift1 (ppm)	H's	Type	J (Hz)	Atom1	Multiplet1	(ppm)
1	3.48	1	dd	9.90, 7.91	3	M09	[3.46 .. 3.50]
2	3.64	1	dd	9.90, 3.50	4	M08	[3.62 .. 3.65]
3	3.72	3	m	-	6, 11, 3	M07	[3.68 .. 3.77]
4	3.82	1	m	-	4	M06	[3.78 .. 3.86]
5	3.92	1	d	3.42	5	M05	[3.91 .. 3.93]
6	3.98	1	d	2.54	5	M04	[3.97 .. 3.99]
7	4.07	1	t	6.34	6	M03	[4.06 .. 4.09]
8	4.57	1	d	7.88	2	M02	[4.56 .. 4.59]
9	5.26	1	d	3.80	2	M01	[5.25 .. 5.26]

Table of Assignments
No.	Atom	Exp. Shift (ppm)	Multiplet
1	3	3.48	M09
2	4	3.64	M08
3	6	3.72	M07
4	11	3.72	M07
5	3	3.72	M07
6	4	3.82	M06
7	5	3.92	M05
8	5	3.98	M04
9	6	4.07	M03
10	2	4.57	M02
11	2	5.26	M01

 


# HMDB00143 (D-Galactose) CNMR Peaklist:



# HMDB00143 (D-Galactose) 2D HSQC Peaklist:
	#	F2[ppm]	F1[ppm]	Intensity	Annotation

	1	5.2550	95.0068	4464071.00
	2	4.5733	99.2612	5140587.00
	3	4.0732	73.1943	2561972.00
	4	3.9795	72.1345	4706438.00
	5	3.9221	71.5533	7862842.00
	6	3.8476	72.0661	809099.00
	7	3.7965	71.2114	973502.00
	8	3.7369	63.8270	4363638.00
	9	3.6965	77.8437	3467705.00
	10	3.6412	75.5873	2358195.00
	11	3.4773	74.7327	4150856.00

 


