# HMDB00124 (Fructose 6-phosphate) HNMR Peaklists:
Table of Peaks
No.	(ppm)	(Hz)	Height
1	4.25	2122.0	0.0806	
2	4.23	2114.2	0.1540	
3	4.21	2106.6	0.1129	
4	4.12	2057.6	0.1661	
5	4.11	2052.8	0.0986	
6	4.10	2049.3	0.1024	
7	3.98	1988.6	0.0286	
8	3.98	1987.3	0.0289	
9	3.97	1986.3	0.0291	
10	3.97	1985.9	0.0291	
11	3.97	1982.3	0.0373	
12	3.95	1976.4	0.1019	
13	3.95	1974.0	0.1335	
14	3.95	1972.4	0.1281	
15	3.94	1969.1	0.1315	
16	3.93	1966.5	0.1352	
17	3.93	1963.7	0.1484	
18	3.92	1958.5	0.1762	
19	3.91	1955.4	0.1496	
20	3.90	1950.2	0.1870	
21	3.90	1947.8	0.2378	
22	3.88	1940.4	0.3027	
23	3.87	1934.7	0.1988	
24	3.86	1929.9	0.1683	
25	3.85	1924.5	0.1279	
26	3.84	1919.4	0.0545	
27	3.68	1838.9	0.0147	
28	3.67	1833.9	0.0475	
29	3.65	1826.9	0.1767	
30	3.64	1819.8	0.1424	
31	3.64	1817.6	0.0465	
32	3.63	1812.7	0.0494	
33	3.61	1805.4	0.0166	
34	3.59	1793.5	0.0511	
35	3.56	1781.4	0.1781	
36	3.54	1771.4	0.2101	
37	3.52	1759.1	0.0743	


Table of Multiplets
No.	Shift1 (ppm)	H's	Type	J (Hz)	Atom1	Multiplet1	(ppm)
1	4.23	7	t	7.71	20	M01	[4.19 .. 4.28]
2	4.11	9	m	-	4, 19	M02	[4.07 .. 4.16]
3	3.92	44	m	-	21, 27, 11, 3, 5	M03	[3.80 .. 4.03]
4	3.65	5	m	-	7	M04	[3.60 .. 3.70]
5	3.55	11	m	-	23	M05	[3.49 .. 3.60]


Table of Assignments
No.	Atom	Exp. Shift (ppm)	Multiplet
1	20	4.23	M01
2	19	4.11	M02
3	4	4.11	M02
4	27	3.92	M03
5	11	3.92	M03
6	3	3.92	M03
7	5	3.92	M03
8	21	3.92	M03
9	7	3.65	M04
10	23	3.55	M05




# HMDB00124 (Fructose 6-phosphate) 2D HSQC Peaklist:
	#	F2[ppm]	F1[ppm]	Intensity
	1	4.2306	77.1050	4967685.00
	2	4.1047	77.8569	4964116.00
	3	4.1118	83.0362	1454115.00
	4	4.0923	84.4981	1620454.00
	5	3.9328	66.8717	3428679.00
	6	3.8938	82.4932	4186012.00
	7	3.8584	66.9552	3539808.00
	8	3.5766	65.3680	2018458.00
	9	3.5358	65.3263	3813526.00

 


