# HMDB00145 (Estrone) HNMR Peaklists:
Table of Peaks
No.	(ppm)	(Hz)	Height
1	0.823	494.26	0.8030
2	1.287	772.60	0.0134
3	1.307	784.49	0.0314
4	1.317	790.68	0.0394
5	1.327	796.38	0.0405
6	1.337	802.66	0.0607
7	1.355	813.39	0.1485
8	1.370	822.31	0.1169
9	1.391	834.94	0.0215
10	1.460	876.31	0.0635
11	1.468	881.34	0.0701
12	1.478	887.29	0.1127
13	1.494	896.87	0.0411
14	1.535	921.47	0.0323
15	1.539	924.20	0.0314
16	1.555	933.36	0.0455
17	1.570	942.69	0.0286
18	1.590	954.25	0.0130
19	1.735	1041.53	0.0673
20	1.739	1043.76	0.0625
21	1.749	1050.20	0.0519
22	2.029	1217.81	0.0360
23	2.043	1226.73	0.0610
24	2.060	1236.56	0.0547
25	2.075	1245.72	0.0707
26	2.090	1254.47	0.0298
27	2.407	1445.13	0.0564
28	2.421	1453.38	0.0587
29	2.439	1464.12	0.0491
30	2.453	1472.46	0.0468
31	2.747	1648.91	0.0873
32	6.450	3872.33	0.1334
33	6.454	3874.64	0.1335
34	6.505	3905.03	0.0757
35	6.509	3907.42	0.0624
36	6.519	3913.45	0.0769
37	6.523	3915.93	0.0631
38	7.041	4226.80	0.1131
39	7.055	4235.14	0.1054
40	9.007	5407.37	0.1339

Table of Multiplets
No.	Shift1 (ppm)	H's	Type	J (Hz)	Atom1	Multiplet1	(ppm)
1	0.82	3	s	-	19	M15	[0.78 .. 0.86]
2	1.34	3	m	-	7, 8, 13	M14	[1.26 .. 1.41]
3	1.47	2	m	-	1, 2	M13	[1.43 .. 1.52]
4	1.59	1	m	-	3	M12	[1.52 .. 1.61]
5	1.74	1	m	-	7	M11	[1.69 .. 1.79]
6	1.90	1	m(para)	-	13	M10	[1.87 .. 1.94]
7	1.96	1	m	-	3	M09	[1.94 .. 1.98]
8	2.07	1	m	-	4	M08	[2.01 .. 2.10]
9	2.14	1	m	-	9	M07	[2.11 .. 2.18]
10	2.30	1	m	-	8	M06	[2.26 .. 2.34]
11	2.41	1	dd	-	4	M05	[2.38 .. 2.47]
12	2.75	2	br. s.	-	12	M04	[2.68 .. 2.82]
13	6.45	1	d	2.31	17	M03	[6.43 .. 6.47]
14	6.51	1	dd	8.46, 2.44	15	M02	[6.49 .. 6.54]
15	7.05	1	d	8.34	14	M01	[7.02 .. 7.07]
16	9.01	1	s	-	20	M16	[8.96 .. 9.05]
 

Table of Assignments
No.	Atom	Exp. Shift (ppm)	Multiplet
1	19	0.82	M15
2	7	1.34	M14
3	8	1.34	M14
4	13	1.34	M14
5	1	1.47	M13
6	2	1.47	M13
7	3	1.59	M12
8	7	1.74	M11
9	13	1.90	M10
10	3	1.96	M09
11	4	2.07	M08
12	9	2.14	M07
13	8	2.30	M06
14	4	2.41	M05
15	12	2.75	M04
16	17	6.45	M03
17	15	6.51	M02
18	14	7.05	M01
19	20	9.01	M16
 


# HMDB00145 (Estrone) 2D HSQC Peaklist:
     #     F2[ppm]           F1[ppm]       Intensity

     1   7.0488          125.8218      5492926.25
     2   6.5155          112.5421      5162878.81
     3   6.4517          114.8599      6561600.58
     4  2.7479           28.8987      5782173.81
     5  2.5016           39.5197      6435637.92
     6  2.4282           35.1951      1567249.50
     7  2.3098           25.3797      2539211.84
     8  2.1402           43.1740      3079530.92
     9  2.0757           35.1913      1737200.05
    10  1.9531           20.9136      2363278.66
    11  1.9127           25.8886      2525306.88
    12  1.7457           31.1990      3211935.16
    13  1.5552           20.9200      1611894.91
    14  1.4794           37.8541      2761504.06
    15  1.4766           49.4487      2223149.50
    16  1.3567           31.1996      2162684.17
    17  1.3567           25.5654      2383822.80
    18  0.8247           13.2799      1933996.14

 


