# HMDB00929 (L-Tryptophan) HNMR Peaklists:
Table of Peaks
No.	(ppm)	(Hz)	Height
1	3.27	1962.6	0.3067
2	3.29	1970.7	0.3168
3	3.30	1977.9	0.4041
4	3.31	1986.0	0.4150
5	3.46	2072.5	0.3611
6	3.46	2077.4	0.3738
7	3.48	2087.8	0.2823
8	3.49	2092.1	0.2598
9	3.49	2092.7	0.2811
10	4.04	2419.9	0.5439
11	4.04	2424.8	0.6106
12	4.05	2428.0	0.5828
13	4.06	2432.9	0.5092
14	7.18	4304.3	0.2912
15	7.18	4305.3	0.3386
16	7.19	4311.4	0.4306
17	7.19	4312.3	0.7145
18	7.19	4313.2	0.4607
19	7.20	4319.4	0.4054
20	7.20	4320.3	0.4457
21	7.26	4354.1	0.3232
22	7.26	4355.2	0.3587
23	7.27	4361.2	0.2960
24	7.27	4362.3	0.5935
25	7.28	4363.2	0.4523
26	7.29	4369.4	0.2806
27	7.29	4370.4	0.2910
28	7.31	4383.8	1.0000
29	7.52	4512.6	0.7204
30	7.53	4513.4	0.5252
31	7.54	4520.8	0.6397
32	7.72	4627.9	0.6267
33	7.73	4635.9	0.5925

Table of Multiplets
No.	Shift1 (ppm)	H's	Type	J (Hz)	Atom1	Multiplet1	(ppm)
1	3.29	1	dd	15.33	10	M08	[3.26 .. 3.32]
2	3.29	1	dd	8.10	10	M08	[3.26 .. 3.32]
3	3.48	1	dd	15.33	10	M07	[3.44 .. 3.51]
4	3.48	1	dd	4.85	10	M07	[3.44 .. 3.51]
5	4.05	1	dd	8.10	11	M06	[4.02 .. 4.07]
6	4.05	1	dd	4.85	11	M06	[4.02 .. 4.07]
7	7.19	1	dt	7.99	8	M05	[7.17 .. 7.22]
8	7.19	1	dt	7.06	8	M05	[7.17 .. 7.22]
9	7.19	1	dt	0.99	8	M05	[7.17 .. 7.22]
10	7.27	1	dt	8.10	9	M04	[7.25 .. 7.29]
11	7.27	1	dt	7.11	9	M04	[7.25 .. 7.29]
12	7.27	1	dt	1.05	9	M04	[7.25 .. 7.29]
13	7.31	1	s	-	2	M03	[7.30 .. 7.33]
14	7.53	1	d	8.16	6	M02	[7.51 .. 7.55]
15	7.72	1	d	7.99	7	M01	[7.69 .. 7.75]

Table of Assignments
No.	Atom	Exp. Shift (ppm)	Multiplet
1	10	3.29	M08
2	10	3.48	M07
3	11	4.05	M06
4	8	7.19	M05
5	9	7.27	M04
6	2	7.31	M03
7	6	7.53	M02
8	7	7.72	M01

 


# HMDB00929 (L-Tryptophan) CNMR Peaklist:



# HMDB00929 (L-Tryptophan) 2D HSQC Peaklist:
	#	F2[ppm]	F1[ppm]	Intensity
	1	7.7185	121.1906	641436.00
	2	7.5269	114.7330	625528.00
	3	7.3056	127.9215	2162396.00
	4	7.2684	124.8807	690632.00
	5	7.1922	122.1815	1121372.00
	6	4.0360	57.9225	1020548.00
	7	3.4630	29.1290	351276.00
	8	3.2942	29.1290	386352.00

 


