# HMDB00169 (D-Mannose) HNMR Peaklists:
Table of Peaks
No.	(ppm)	(Hz)	Height
1	3.35	1675.4	0.1321
2	3.36	1677.6	0.1490
3	3.36	1681.6	0.1595
4	3.37	1684.0	0.1784
5	3.37	1685.0	0.1900
6	3.38	1687.4	0.1837
7	3.38	1691.4	0.1854
8	3.39	1693.7	0.1737
9	3.54	1771.8	0.2345
10	3.56	1781.4	0.5200
11	3.58	1791.2	0.3031
12	3.63	1814.3	0.4045
13	3.64	1816.9	0.4001
14	3.64	1820.2	0.4061
15	3.65	1824.1	1.0000
16	3.65	1826.5	0.2735
17	3.66	1829.9	0.2658
18	3.67	1833.8	0.6457
19	3.71	1852.3	0.2335
20	3.72	1858.6	0.2102
21	3.73	1864.6	0.3013
22	3.74	1867.3	0.3245
23	3.74	1870.8	0.2949
24	3.75	1873.2	0.4723
25	3.76	1879.2	0.3728
26	3.77	1885.0	0.7522
27	3.79	1892.7	0.3567
28	3.79	1894.5	0.3227
29	3.80	1898.7	0.1472
30	3.80	1900.4	0.2396
31	3.81	1902.4	0.2469
32	3.81	1904.4	0.2321
33	3.82	1908.4	0.1119
34	3.83	1911.9	0.5264
35	3.83	1915.3	0.5776
36	3.84	1921.5	0.4098
37	3.85	1925.5	0.7393
38	3.86	1927.8	0.5530
39	3.88	1937.7	0.4163
40	3.88	1939.6	0.4083
41	3.88	1941.7	0.3032
42	3.89	1944.0	0.2831
43	3.91	1953.9	0.2244
44	3.91	1956.2	0.2403
45	3.92	1958.9	0.6604
46	3.92	1960.6	0.7073
47	3.93	1962.2	0.6523
48	3.93	1964.1	0.8198
49	3.94	1967.7	0.3629
50	3.94	1968.7	0.3556
51	5.17	2584.5	0.6793
52	5.17	2586.1	0.6714

Table of Multiplets
No.	Shift1 (ppm)	H's	Type	J (Hz)	Atom1	Multiplet1	(ppm)
1	3.37	1	ddd	9.69	6	M09	[3.35 .. 3.40]
2	3.37	1	ddd	6.31	6	M09	[3.35 .. 3.40]
3	3.37	1	ddd	2.26	6	M09	[3.35 .. 3.40]
4	3.56	1	t	9.70	5	M08	[3.54 .. 3.59]
5	3.56	1	t	9.70	5	M08	[3.54 .. 3.59]
6	3.65	2	m	-	5, 4	M07	[3.62 .. 3.68]
7	3.74	2	m	-	11	M06	[3.70 .. 3.78]
8	3.80	1	m	-	6	M05	[3.78 .. 3.81]
9	3.84	2	m	-	4	M04	[3.81 .. 3.86]
10	3.88	1	dd	4.18	11	M03	[3.87 .. 3.90]
11	3.88	1	dd	2.12	11	M03	[3.87 .. 3.90]
12	3.92	2	m	-	3	M02	[3.90 .. 3.95]
13	5.17	1	d	1.60	2	M01	[5.16 .. 5.19]

Table of Assignments
No.	Atom	Exp. Shift (ppm)	Multiplet
1	6	3.37	M09
2	5	3.56	M08
3	5	3.65	M07
4	4	3.65	M07
5	11	3.74	M06
6	6	3.80	M05
7	4	3.84	M04
8	11	3.88	M03
9	3	3.92	M02
10	2	5.17	M01




# HMDB00169 (D-Mannose) CNMR Peaklist:



# HMDB00169 (D-Mannose) 2D HSQC Peaklist:
	#	F2[ppm]	F1[ppm]	Intensity
	1	3.9245	73.6845	1027656.00
	2	3.8379	73.1236	358048.00
	3	3.8757	63.8181	269576.00
	4	3.7492	63.7851	316376.00
	5	3.8002	75.2684	327536.00
	6	3.6516	69.7248	486824.00
	7	3.5673	69.4938	197960.00
	8	3.3721	78.9312	300472.00

 


