# HMDB00256 (Squalene) HNMR Peaklists:
Table of Peaks
No.	(ppm)	(Hz)	Height
1	1.61	805.1	0.9929
2	1.61	805.9	1.0000
3	1.69	844.7	0.4474
4	1.69	845.7	0.4497
5	1.97	984.2	0.0531
6	1.98	991.2	0.1699
7	2.00	999.0	0.2154
8	2.01	1006.8	0.1312
9	2.02	1009.4	0.1426
10	2.03	1012.8	0.1164
11	2.03	1016.2	0.1333
12	2.05	1025.5	0.0550
13	2.07	1033.2	0.1400
14	2.08	1040.5	0.1677
15	2.10	1048.3	0.1005
16	2.11	1055.5	0.0280

Table of Multiplets
No.	Shift1 (ppm)	H's	Type	J (Hz)	Atom1	Multiplet1	 (ppm)
1	1.61	18	d	0.80	27, 28, 26, 29, 25, 30	M03	[1.60 .. 1.63]
2	1.69	6	d	1.03	24, 23	M02	[1.68 .. 1.70]
3	2.04	20	m	-	3, 4, 7, 8, 11, 12, 15, 16, 19, 20	M01	[1.96 .. 2.12]

Table of Assignments
No.	Atom	Exp. Shift (ppm)	Multiplet
1	27	1.61	M03
2	28	1.61	M03
3	26	1.61	M03
4	29	1.61	M03
5	25	1.61	M03
6	30	1.61	M03
7	24	1.69	M02
8	23	1.69	M02
9	3	2.04	M01
10	4	2.04	M01
11	7	2.04	M01
12	8	2.04	M01
13	11	2.04	M01
14	12	2.04	M01
15	15	2.04	M01
16	16	2.04	M01
17	19	2.04	M01
18	20	2.04	M01




# HMDB00256 (Squalene) 2D HSQC Peaklist:
	#	F2[ppm]	F1[ppm]	Intensity
	1	5.1490	124.4763	19601050.63
	2   	5.1249    124.5465
	3	5.1067	124.6308
	4	2.0768	26.7434	36967952.25
	5   	2.0645    27.0216
	6	2.0159	28.3480	46062566.63
	7	1.9842	39.7941	47208116.63
	8	1.6795	25.6736	66410499.50
	9	1.6015	16.0995	11197047.75
	10	1.6015	17.6506	12881898.13

 


