# HMDB00832 (Capryloylglycine) HNMR Peaklists:
Table of Peaks
No.	(ppm)	(Hz)	Height
1	0.84	420.6	0.4653	
2	0.86	427.5	0.9814	
3	0.87	434.2	0.4031	
4	1.27	635.9	1.0000	
5	1.29	644.6	0.9691	
6	1.30	650.5	0.9502	
7	1.52	761.0	0.0519	
8	1.54	768.0	0.0756	
9	1.55	775.1	0.0688	
10	1.58	789.2	0.2177	
11	1.59	796.3	0.2990	
12	1.61	803.3	0.1997	
13	2.27	1136.2	0.4141	
14	2.29	1143.7	0.6480	
15	2.30	1151.2	0.3187	
16	3.74	1868.9	0.8358	

Table of Assignments
No.	Atom	Exp. Shift (ppm)	Multiplet
1	14	0.85	M03
2	13	1.28	M04
3	12	1.28	M04
4	11	1.28	M04
5	10	1.28	M04
6	9	1.57	M05
7	8	2.28	M02
8	4	3.74	M01

Table of Multiplets
No.	Shift1 (ppm)	H's	Type	Atom1	Multiplet1	(ppm)
1	0.85	3	t	14	M03	[0.81 .. 0.90]
2	1.28	8	m	13, 12, 11, 10	M04	[1.21 .. 1.36]
3	1.57	2	m	9	M05	[1.50 .. 1.64]
4	2.28	2	t	8	M02	[2.24 .. 2.32]
5	3.74	1	s	4	M01	[3.71 .. 3.77]




Table of Peaks
No.	(ppm)	(Hz)	Height
1	0.839	502.96	0.3379
2	0.851	509.87	0.8755
3	0.862	516.87	0.2999
4	1.256	752.90	0.3152
5	1.263	757.13	0.4519
6	1.266	759.05	0.4912
7	1.272	762.15	0.3793
8	1.285	770.10	0.5043
9	1.295	776.47	0.5912
10	1.302	780.50	0.2837
11	1.308	783.96	0.1739
12	1.574	943.71	0.1023
13	1.587	951.06	0.1782
14	1.599	958.42	0.1216
15	1.612	965.91	0.0283
16	2.148	1287.25	0.1169
17	2.160	1294.82	0.1848
18	2.173	1302.20	0.1089
19	2.271	1361.47	0.3663
20	2.284	1369.02	0.6038
21	2.296	1376.45	0.3402
22	3.734	2238.28	1.0000
23	3.744	2244.13	0.9895

Table of Multiplets
No.	Shift1 (ppm)	H's	Type	J (Hz)	Atom1	Multiplet1	(ppm)
1	0.851	3	dd	-	14	M06	[0.825 .. 0.879]
2	1.281	8	m	-	13, 12, 11, 10	M05	[1.225 .. 1.328]
3	1.593	2	m	7.40	9	M04	[1.557 .. 1.620]
4	2.160	1	t	7.48	8	M03	[2.143 .. 2.179]
5	2.284	2	t	7.49	8	M02	[2.261 .. 2.306]
6	3.739	2	d	5.84	4	M01	[3.720 .. 3.756]

Table of Assignments
No.	Atom	Exp. Shift (ppm)	Multiplet
1	14	0.851	M06
2	13	1.281	M05
3	12	1.281	M05
4	11	1.281	M05
5	10	1.281	M05
6	9	1.593	M04
7	8	2.160	M03
8	8	2.284	M02
9	4	3.739	M01
 


# HMDB00832 (Capryloylglycine) 2D HSQC Peaklist:
     #  F2[ppm]           F1[ppm]       Intensity       
     1  3.7385           46.0298     10722706.00
     2  2.2859           38.4892      7532714.00
     3  2.1638           40.1632      2102130.00
     4  1.5847           27.8832      5942586.00
     5  1.5296           28.5679      1435076.00
     6  1.2909           30.8247     11145756.00
     7  1.2744           30.8906      3473244.00
     8  1.2674           24.5245      4554408.00
     9  1.2601           33.5460      4549950.00
    10  0.8540           15.9428      4438060.00

 


