# HMDB00619 (Cholic acid) HNMR Peaklists:
Table of Peaks

No. 	(ppm) 	(Hz) 	Height
1 	4.05 	2023.9 	0.0936 	
2 	3.89 	1943.2 	0.0966 	
3 	3.51 	1753.1 	0.0219 	
4 	3.50 	1749.2 	0.0359 	
5 	3.49 	1742.3 	0.0490 	
6 	3.48 	1738.1 	0.0695 	
7 	3.47 	1733.8 	0.0474 	
8 	3.46 	1727.0 	0.0358 	
9 	3.45 	1722.9 	0.0197 	
10 	2.27 	1134.6 	0.0395 	
11 	2.26 	1129.5 	0.0474 	
12 	2.25 	1123.5 	0.0551 	
13 	2.24 	1120.2 	0.0870 	
14 	2.23 	1115.6 	0.0653 	
15 	2.22 	1109.5 	0.0639 	
16 	2.21 	1105.2 	0.0548 	
17 	2.14 	1071.8 	0.0374 	
18 	2.13 	1066.9 	0.0407 	
19 	2.11 	1056.5 	0.1116 	
20 	2.09 	1047.0 	0.1244 	
21 	2.09 	1042.4 	0.1205 	
22 	2.07 	1036.2 	0.1233 	
23 	2.05 	1024.3 	0.0915 	
24 	2.02 	1011.4 	0.0359 	
25 	1.98 	988.9 	0.0204 	
26 	1.96 	978.8 	0.0863 	
27 	1.95 	976.8 	0.0886 	
28 	1.95 	973.7 	0.0934 	
29 	1.94 	967.3 	0.1005 	
30 	1.93 	964.1 	0.1037 	
31 	1.90 	951.9 	0.0261 	
32 	1.84 	921.3 	0.0371 	
33 	1.83 	913.7 	0.0534 	
34 	1.82 	909.4 	0.0822 	
35 	1.80 	901.8 	0.1455 	
36 	1.78 	889.8 	0.0998 	
37 	1.77 	886.5 	0.0875 	
38 	1.75 	876.0 	0.0235 	
39 	1.73 	867.2 	0.1029 	
40 	1.71 	857.2 	0.2359 	
41 	1.70 	848.6 	0.2596 	
42 	1.68 	839.0 	0.1515 	
43 	1.65 	824.6 	0.0669 	
44 	1.63 	812.7 	0.0888 	
45 	1.58 	789.3 	0.1252 	
46 	1.57 	782.2 	0.1651 	
47 	1.56 	778.4 	0.1539 	
48 	1.55 	775.0 	0.1410 	
49 	1.53 	766.8 	0.1480 	
50 	1.52 	759.3 	0.0388 	
51 	1.42 	711.6 	0.0829 	
52 	1.42 	708.7 	0.0853 	
53 	1.41 	707.2 	0.0852 	
54 	1.40 	698.7 	0.1443 	
55 	1.37 	684.3 	0.1494 	
56 	1.35 	673.3 	0.1145 	
57 	1.33 	665.9 	0.0688 	
58 	1.32 	660.6 	0.0711 	
59 	1.29 	646.7 	0.0612 	
60 	1.27 	635.7 	0.0610 	
61 	1.25 	625.0 	0.0289 	
62 	1.17 	585.2 	0.0173 	
63 	1.14 	569.7 	0.0196 	
64 	1.13 	563.3 	0.0237 	
65 	1.12 	557.8 	0.0509 	
66 	1.10 	551.6 	0.0541 	
67 	1.09 	545.8 	0.0513 	
68 	1.08 	539.5 	0.0449 	
69 	1.02 	507.5 	0.0485 	
70 	1.01 	505.2 	0.0497 	
71 	0.98 	489.6 	0.5508 	
72 	0.97 	483.3 	0.4845 	
73 	0.89 	446.8 	1.0000 	
74 	0.70 	348.5 	0.9872 	
75 	-0.00 	-0.0 	0.1324 	


Table of Multiplets

No. 	Shift1 (ppm) 	H's 	Type 	J (Hz) 	Atom1 	Multiplet1 	 (ppm)
1 	4.05 	1 	m 	- 	12 	M01 	[4.01 .. 4.09]
2 	3.89 	2 	m 	- 	11 	M02 	[3.85 .. 3.91]
3 	3.48 	2 	m 	- 	16 	M03 	[3.41 .. 3.53]
4 	2.24 	3 	m 	- 	21 	M04 	[2.19 .. 2.30]
5 	2.09 	9 	m 	- 	21, 17, 7 	M05 	[2.01 .. 2.18]
6 	1.94 	5 	m 	- 	14, 3 	M06 	[1.88 .. 2.00]
7 	1.80 	6 	m 	- 	10, 5 	M07 	[1.75 .. 1.87]
8 	1.68 	14 	m 	- 	20, 17, 2, 4 	M08 	[1.61 .. 1.75]
9 	1.55 	10 	m 	- 	14, 13, 15 	M09 	[1.47 .. 1.61]
10 	1.35 	15 	m 	- 	3, 15, 20, 19, 9, 6 	M10 	[1.19 .. 1.47]
11 	1.12 	3 	m 	- 	4 	M11 	[1.04 .. 1.18]
12 	1.01 	1 	m 	- 	10 	M12 	[1.00 .. 1.04]
13 	0.97 	4 	d 	6.27 	28 	M13 	[0.95 .. 1.00]
14 	0.89 	3 	s 	- 	24 	M14 	[0.85 .. 0.91]
15 	0.70 	3 	s 	- 	18 	M15 	[0.63 .. 0.75]


Table of Assignements

No. 	Atom 	Exp. Shift (ppm) 	Multiplet
1 	18 	0.70 	M15
2 	24 	0.89 	M14
3 	28 	0.97 	M13
4 	10 	1.01 	M12
5 	4 	1.12 	M11
6 	3 	1.35 	M10
7 	15 	1.35 	M10
8 	20 	1.35 	M10
9 	19 	1.35 	M10
10 	9 	1.35 	M10
11 	6 	1.35 	M10
12 	14 	1.55 	M09
13 	13 	1.55 	M09
14 	15 	1.55 	M09
15 	20 	1.68 	M08
16 	17 	1.68 	M08
17 	2 	1.68 	M08
18 	4 	1.68 	M08
19 	10 	1.80 	M07
20 	5 	1.80 	M07
21 	14 	1.94 	M06
22 	3 	1.94 	M06
23 	21 	2.09 	M05
24 	17 	2.09 	M05
25 	7 	2.09 	M05
26 	21 	2.24 	M04
27 	16 	3.48 	M03
28 	11 	3.89 	M02
29 	12 	4.05 	M01




# HMDB00619 (Cholic acid) 2D HSQC Peaklist:
	#	F2[ppm]	F1[ppm]	Intensity
	1	4.0367	75.6930	1083106.50
	2	3.8759	70.8745	550150.00
	3	3.4628	74.2670	436220.50
	4	2.2482	36.8827	306339.50
	5	2.1433	28.9711	294730.50
	6	2.0878	40.9239	123423.50
	7	2.0786	36.8827	254165.50
	8	1.9676	29.9387	154207.50
	9	1.9151	36.5412	140096.50
	10	1.8350	43.9974	188414.00
	11	1.7887	37.6226	183859.00
	12	1.7301	25.6699	231087.00
	13	1.7332	48.9493	268064.00
	14	1.7085	40.8669	258357.00
	15	1.7054	34.8337	235500.50
	16	1.6468	31.8739	356705.50
	17	1.6129	30.5648	312424.00
	18	1.5728	36.6550	173579.50
	19	1.5142	30.3372	261374.50
	20	1.5111	42.0622	486864.50
	21	1.3970	43.8267	508512.50
	22	1.3754	38.3056	434856.50
	23	1.3693	34.7767	244648.00
	24	1.3662	31.9878	218379.00
	25	1.2737	29.8818	194606.00
	26	1.0732	25.7268	83958.50
	27	0.9838	19.4089	268584.00
	28	0.9714	37.6226	109755.50
	29	0.8913	24.8731	816527.50
	30	0.7124	14.7986	447836.00

 


