# HMDB01529 (cis-Fenpropimorph) HNMR Peaklists:
Table of Peaks
No.	(ppm)	Height
1	0.76	0.1277
2	0.77	0.1332
3	1.03	0.1563
4	1.03	0.1912
5	1.04	0.1924
6	1.04	0.1876
7	1.26	1.0000
8	1.49	0.0184
9	1.51	0.0367
10	1.53	0.0207
11	1.54	0.0222
12	1.55	0.0378
13	1.57	0.0209
14	1.91	0.0022
15	1.92	0.0080
16	1.93	0.0143
17	1.94	0.0154
18	1.95	0.0109
19	1.96	0.0043
20	2.02	0.0167
21	2.03	0.0131
22	2.04	0.0287
23	2.05	0.0218
24	2.09	0.0254
25	2.10	0.0229
26	2.11	0.0181
27	2.12	0.0130
28	2.21	0.0194
29	2.22	0.0180
30	2.23	0.0235
31	2.24	0.0198
32	2.66	0.0296
33	2.67	0.0253
34	2.68	0.0498
35	2.70	0.0495
36	2.70	0.0284
37	2.71	0.0293
38	3.52	0.0086
39	3.53	0.0303
40	3.54	0.0418
41	3.55	0.0309
42	7.06	0.0832
43	7.08	0.0946
44	7.27	0.0979
45	7.28	0.0853

Table of Multiplets
No.	Shift1 (ppm)	H's	Type	J (Hz)	Atom1	Multiplet1	(ppm)
1	0.76	3	d	6.49	18	M12	[0.74 .. 0.78]
2	1.03	6	dd	6.05, 2.92	17, 7	M11	[1.02 .. 1.06]
3	1.26	9	s	-	22, 21, 20	M10	[1.24 .. 1.27]
4	1.53	1	m	-	3, 5	M09	[1.48 .. 1.59]
5	1.94	1	m	-	9	M08	[1.90 .. 1.98]
6	2.04	1	dd	-	8	M07	[2.00 .. 2.07]
7	2.11	1	dd	-	8	M06	[2.08 .. 2.15]
8	2.22	1	dd	13.29, 8.56	10	M05	[2.19 .. 2.27]
9	2.69	3	m	-	10, 3, 5	M04	[2.65 .. 2.74]
10	3.54	2	m	-	6, 2	M03	[3.50 .. 3.59]
11	7.07	2	d	7.98	15, 13	M02	[7.05 .. 7.10]
12	7.27	2	d	8.03	16, 12	M01	[7.25 .. 7.30]

Table of Assignments
No.	Atom	Exp. Shift (ppm)	Multiplet
1	18	0.76	M12
2	17	1.03	M11
3	7	1.03	M11
4	22	1.26	M10
5	21	1.26	M10
6	20	1.26	M10
7	3	1.53	M09
8	5	1.53	M09
9	9	1.94	M08
10	8	2.04	M07
11	8	2.11	M06
12	10	2.22	M05
13	10	2.69	M04
14	3	2.69	M04
15	5	2.69	M04
16	6	3.54	M03
17	2	3.54	M03
18	15	7.07	M02
19	13	7.07	M02
20	16	7.27	M01
21	12	7.27	M01


 


# HMDB01529 (cis-Fenpropimorph) 2D HSQC Peaklist:
     #        F2[ppm]           F1[ppm]       Intensity  
     1         7.2736          124.4912     89271001.00
     2         7.0739          128.4757     97559909.00
     3         3.5433           70.8865     55162962.00
     4         2.7161           59.6285     22765446.00
     5         2.6749           59.0965     14338247.00
     6         2.6900           39.8379     12361951.00
     7         2.2229           39.8394     18484374.00
     8         2.1060           64.2347     22114781.00
     9         2.0406           64.2347     22170052.00
    10         1.9385           31.2078     20881549.00
    11         1.5545           59.6270     20593415.00
    12         1.5134           59.0927     23383619.00
    13         1.2614           30.8828    419469694.00
    14         1.0359           18.9227    153868990.00
    15         0.7684           17.5887     53801294.00

 


