# HMDB00283 (D-Ribose) HNMR Peaklists:
Table of Peaks
No.	(ppm)	(Hz)	Height
1	2.21	1324.6	1.0000

Table of Multiplets
No.	Shift1 (ppm)	H's	Type	J (Hz)	Atom1	Multiplet1	(ppm)
1	2.21	2	s	-	9	M00	[2.20 .. 2.22]

Table of Assignments
No.	Atom	Exp. Shift (ppm)	Multiplet
1	9	2.21	M00



Table of Peaks
No.	(ppm)	(Hz)	Height
1	3.523	2115.23	0.2615
2	3.529	2118.31	0.2901
3	3.534	2121.67	0.2837
4	3.539	2124.75	0.2935
5	3.591	2155.73	0.1016
6	3.595	2158.31	0.1220
7	3.611	2168.00	0.1183
8	3.616	2170.64	0.1325
9	3.648	2189.84	0.0401
10	3.661	2197.60	0.2865
11	3.668	2201.78	0.0526
12	3.675	2206.12	0.3104
13	3.680	2209.09	0.3540
14	3.694	2217.62	0.3697
15	3.729	2238.81	0.0220
16	3.734	2241.56	0.0245
17	3.750	2251.07	0.0161
18	3.755	2254.10	0.0178
19	3.798	2280.13	0.0403
20	3.803	2283.32	0.0463
21	3.820	2293.44	0.2297
22	3.828	2297.84	0.3681
23	3.831	2300.15	0.2298
24	3.835	2302.41	0.1489
25	3.837	2303.40	0.1557
26	3.839	2304.61	0.1771
27	3.847	2309.23	0.2168
28	3.856	2315.17	0.0854
29	3.861	2317.76	0.1028
30	3.865	2320.34	0.1177
31	3.869	2322.93	0.0738
32	3.874	2325.74	0.1737
33	3.880	2329.26	0.2140
34	3.887	2333.66	0.2098
35	3.894	2337.73	0.1949
36	3.900	2341.47	0.1339
37	3.909	2346.81	0.1416
38	3.918	2352.09	0.1112
39	3.921	2354.13	0.1170
40	3.927	2357.43	0.1877
41	3.930	2359.02	0.1898
42	3.938	2364.31	0.1009
43	3.962	2378.61	0.0196
44	3.968	2381.97	0.0243
45	3.973	2384.88	0.0388
46	3.978	2388.13	0.0402
47	3.983	2390.88	0.0305
48	3.988	2394.24	0.0241
49	4.001	2401.99	0.0491
50	4.007	2405.41	0.0527
51	4.087	2453.77	0.0138
52	4.096	2458.99	0.0341
53	4.104	2464.06	0.2908
54	4.109	2467.03	0.5353
55	4.114	2469.83	0.3187
56	4.123	2475.33	0.0298
57	4.132	2480.40	0.0308
58	4.138	2484.03	0.0289
59	4.202	2522.65	0.0381
60	4.212	2528.87	0.0494
61	4.221	2533.99	0.0334
62	4.923	2955.66	0.2771
63	4.934	2962.09	0.2784
64	5.255	3154.55	0.0393
65	5.388	3234.61	0.0208
66	5.394	3238.02	0.0224

Table of Multiplets
No.	Shift1 (ppm)	H's	Type	J (Hz)	Atom1	Multiplet1	(ppm)
1	3.53	3	dd	-	15a	M16	[3.52 .. 3.55]
2	3.60	1	dd	12.30, 2.61	2a	M15	[3.58 .. 3.62]
3	3.68	4	dd	11.50, 8.53	29, 39, 12a	M14	[3.62 .. 3.71]
4	3.74	0	dd	12.41, 2.89	29	M13	[3.72 .. 3.76]
5	3.80	0	d	3.19	39	M12	[3.79 .. 3.81]
6	3.83	5	m	-	5a, 12b	M11	[3.81 .. 3.85]
7	3.86	1	m	-	3a	M10	[3.85 .. 3.87]
8	3.88	3	dd	8.20, 3.80	13a	M09	[3.87 .. 3.90]
9	3.90	1	d	5.34	4a	M08	[3.90 .. 3.91]
10	3.93	2	m	-	2b	M07	[3.91 .. 3.95]
11	3.97	1	m	-	35a	M06	[3.95 .. 3.99]
12	4.00	1	m	-	33a	M05	[3.99 .. 4.02]
13	4.11	5	m	-	24a, 14a, 23a, 25a	M04	[4.07 .. 4.15]
14	4.20	1	t	-	34a	M03	[4.19 .. 4.24]
15	4.93	2	d	-	6a, 16a	M17	[4.91 .. 4.96]
16	5.26	1	d	-	32a	M02	[5.23 .. 5.28]
17	5.39	0	d	-	22a	M01	[5.37 .. 5.41]

Table of Assignments
No.	Atom	Exp. Shift (ppm)	Multiplet
1	15a	3.53	M16
2	2a	3.60	M15
3	29	3.68	M14
4	39	3.68	M14
5	12a	3.68	M14
6	29	3.74	M13
7	39	3.80	M12
8	5a	3.83	M11
9	12b	3.83	M11
10	3a	3.86	M10
11	13a	3.88	M09
12	4a	3.90	M08
13	2b	3.93	M07
14	35a	3.97	M06
15	33a	4.00	M05
16	24a	4.11	M04
17	14a	4.11	M04
18	23a	4.11	M04
19	25a	4.11	M04
20	34a	4.20	M03
21	6a	4.93	M17
22	16a	4.93	M17
23	32a	5.26	M02
24	22a	5.39	M01
 


# HMDB00283 (D-Ribose) 2D HSQC Peaklist:
     #     F2[ppm]           F1[ppm]       Intensity       

     1   5.3880           99.0368      1720482.00
     2   5.2549          103.8029      1722654.00
     3  4.9273           96.5326     13970886.00
     4  4.2111           73.1063      2465848.00
     5  4.1355           85.8696      1274928.00
     6  4.1139           73.4294      1466510.00
     7  4.1103           71.7330     19559768.00
     8  4.0059           77.9531      2925212.00
     9  3.9735           85.0618      1897378.00
    10  3.9268           71.8138      6709532.00
    11  3.8836           69.8751     10283014.00
    12  3.8332           65.6745      5194904.00
    13  3.8332           72.6216      6539758.00
    14  3.6892           65.6745      4389164.00
    15  3.5308           73.6718     14576222.00
    16  4.0975           72.6136      1225300.00
    17  3.8635           69.8978      5251614.00
    18  3.9320           65.9066       929390.00
    19  3.8032           65.2472      1306744.00
    20  3.7336           64.0672       897338.00
    21  3.6582           65.2472      4221442.00
    22  3.6536           64.0672       778722.00
    23  3.6026           65.9066       332016.00

 


