# HMDB00946 (Ursodeoxycholic acid) HNMR Peaklists:
Table of Peaks
No.	(ppm)	(Hz)	Height
1	3.55	1774.2	0.0103	
2	3.54	1770.8	0.0134	
3	3.54	1769.1	0.0134	
4	3.53	1765.1	0.0220	
5	3.52	1760.2	0.0300	
6	3.51	1754.7	0.0196	
7	3.50	1749.2	0.0166	
8	3.49	1744.8	0.0055	
9	2.37	1183.2	0.0080	
10	2.36	1178.0	0.0095	
11	2.35	1173.0	0.0099	
12	2.34	1167.6	0.0215	
13	2.33	1162.2	0.0149	
14	2.32	1157.2	0.0155	
15	2.31	1152.1	0.0143	
16	2.23	1115.7	0.0133	
17	2.22	1112.1	0.0068	
18	2.22	1109.1	0.0166	
19	2.21	1105.9	0.0173	
20	2.20	1099.6	0.0226	
21	2.19	1093.2	0.0098	
22	2.18	1090.2	0.0100	
23	2.17	1083.7	0.0088	
24	2.16	1077.2	0.0011	
25	2.15	1073.2	0.0007	
26	2.07	1035.6	0.0017	
27	2.05	1025.3	0.0021	
28	1.95	973.5	0.0096	
29	1.94	970.6	0.0170	
30	1.94	967.5	0.0243	
31	1.92	961.1	0.0111	
32	1.92	958.1	0.0173	
33	1.88	938.1	0.0033	
34	1.86	932.0	0.0044	
35	1.86	928.7	0.0086	
36	1.85	922.6	0.0099	
37	1.84	919.2	0.0108	
38	1.83	915.4	0.0106	
39	1.83	913.4	0.0087	
40	1.82	909.5	0.0096	
41	1.81	906.2	0.0068	
42	1.80	900.2	0.0063	
43	1.79	892.8	0.0054	
44	1.78	890.7	0.0062	
45	1.77	883.2	0.0159	
46	1.76	879.8	0.0159	
47	1.75	875.7	0.0300	
48	1.75	873.4	0.0343	
49	1.74	870.6	0.0433	
50	1.73	866.6	0.0299	
51	1.73	863.4	0.0341	
52	1.72	859.1	0.0301	
53	1.72	857.8	0.0305	
54	1.70	851.5	0.0188	
55	1.69	846.3	0.0128	
56	1.62	807.3	0.0186	
57	1.61	805.0	0.0182	
58	1.61	802.8	0.0199	
59	1.59	795.1	0.0271	
60	1.56	781.3	0.0016	
61	1.55	775.5	0.0216	
62	1.54	770.4	0.0165	
63	1.54	768.4	0.0169	
64	1.53	762.5	0.0276	
65	1.52	757.3	0.0134	
66	1.51	755.2	0.0139	
67	1.50	751.6	0.0183	
68	1.48	739.3	0.0099	
69	1.45	722.4	0.0209	
70	1.43	717.0	0.0223	
71	1.42	710.7	0.0208	
72	1.41	704.7	0.0258	
73	1.40	698.5	0.0222	
74	1.39	696.3	0.0218	
75	1.39	692.8	0.0407	
76	1.37	686.5	0.0465	
77	1.36	680.1	0.0569	
78	1.35	674.9	0.0249	
79	1.34	670.8	0.0280	
80	1.33	662.8	0.0103	
81	1.32	659.7	0.0099	
82	1.32	657.8	0.0106	
83	1.31	653.1	0.0160	
84	1.30	649.3	0.0181	
85	1.29	644.1	0.0164	
86	1.28	639.9	0.0262	
87	1.27	635.4	0.0134	
88	1.26	630.4	0.0157	
89	1.26	627.8	0.0162	
90	1.24	621.0	0.0113	
91	1.24	618.7	0.0132	
92	1.23	615.6	0.0105	
93	1.22	610.9	0.0190	
94	1.22	608.0	0.0259	
95	1.20	598.1	0.0309	
96	1.18	590.6	0.0779	
97	1.17	586.4	0.0229	
98	1.16	581.5	0.0192	
99	1.14	569.0	0.0074	
100	1.13	564.0	0.0013	
101	1.12	561.2	0.0012	
102	1.12	560.0	0.0011	
103	1.12	559.0	0.0012	
104	1.11	554.0	0.0101	
105	1.10	550.2	0.0105	
106	1.08	541.1	0.0155	
107	1.08	537.5	0.0152	
108	1.06	528.1	0.0069	
109	1.05	524.6	0.0061	
110	1.03	516.1	0.0103	
111	1.01	506.5	0.0262	
112	0.99	496.9	0.0242	
113	0.98	491.9	0.0119	
114	0.98	488.3	0.0157	
115	0.96	477.5	0.0176	
116	0.95	474.5	0.0177	
117	0.93	463.3	0.0083	
118	0.92	460.2	0.0077	
119	0.91	455.0	0.0012	
120	0.88	438.4	0.3914	
121	0.86	432.2	0.1278	
122	0.61	305.3	0.2512	


Table of Multiplets
No.	Shift1 (ppm)	H's	Type	Atom1	Multiplet1	(ppm)
1	3.52	4	m	14	M01	[3.47 .. 3.60]
2	2.34	2	m	22	M02	[2.28 .. 2.39]
3	2.19	2	m	22	M03	[2.14 .. 2.25]
4	2.07	16	m	17	M04	[2.03 .. 2.13]
5	1.93	2	m	8	M05	[1.89 .. 1.97]
6	1.84	2	m	7	M06	[1.79 .. 1.88]
7	1.74	8	m	10, 21, 12, 15	M07	[1.66 .. 1.79]
8	1.55	8	m	2a, 15, 11, 13	M08	[1.47 .. 1.64]
9	1.34	18	m	10, 13, 21, 7, 20, 9, 8, 16, 3a	M09	[1.24 .. 1.46]
10	1.19	9	m	17, 4a	M10	[1.13 .. 1.24]
11	1.03	6	m	12, 6	M11	[0.91 .. 1.12]
12	0.88	6	s	18	M12	[0.87 .. 0.88]
13	0.86	12	d	27	M13	[0.86 .. 0.88]
14	0.61	6	s	19	M14	[0.60 .. 0.62]


Table of Assignments
No.	Atom	Exp. Shift (ppm)	Multiplet
1	14	3.52	M01
2	22	2.34	M02
3	22	2.19	M03
4	17	2.07	M04
5	8	1.93	M05
6	7	1.84	M06
7	15	1.74	M07
8	12	1.74	M07
9	21	1.74	M07
10	10	1.74	M07
11	13	1.55	M08
12	11	1.55	M08
13	15	1.55	M08
14	2a	1.55	M08
15	16	1.34	M09
16	3a	1.34	M09
17	8	1.34	M09
18	9	1.34	M09
19	20	1.34	M09
20	7	1.34	M09
21	21	1.34	M09
22	13	1.34	M09
23	10	1.34	M09
24	4a	1.19	M10
25	17	1.19	M10
26	6	1.03	M11
27	12	1.03	M11
28	18	0.88	M12
29	27	0.86	M13
30	19	0.61	M14




# HMDB00946 (Ursodeoxycholic acid) 2D HSQC Peaklist:
     #     F2[ppm]           F1[ppm]       Intensity

     1  3.4798           72.1775      1825072.00
     2  2.3242           32.1806       959888.00
     3  2.2068           32.1806       942864.00
     4  2.0373           41.8061       542992.00
     5  1.8917           28.1927       656368.00
     6  1.8741           29.5343       493600.00
     7  1.8232           38.8011       909408.00
     8  1.8097           36.1800       275792.00
     9  1.8088           32.5063       756496.00
    10  1.6190           31.1713       775680.00
    11  1.6097           38.1382      1670576.00
    12  1.5529           38.8205       594032.00
    13  1.4804           40.8316       301056.00
    14  1.4725           44.1714      1028816.00
    15  1.4618           22.5525       550352.00
    16  1.4603           27.9752       331088.00
    17  1.4553           44.4586      1072864.00
    18  1.4366           36.7735       842464.00
    19  1.3225           22.5525       288864.00
    20  1.3110           29.8426       311072.00
    21  1.3038           32.5001       557360.00
    22  1.2643           31.1713       372592.00
    23  1.2393           57.5686       797392.00
    24  1.1865           41.7992       731680.00
    25  1.0924           56.6809       883168.00
    26  1.0287           36.1729       916752.00
    27  0.9627           24.0283      6754000.00
    28  0.9582           18.8874      2078416.00
    29  0.7113           12.6288       530464.00

 


