# HMDB01935 (Warfarin) HNMR Peaklists:
Table of Peaks
No.	(ppm)	Height
1	1.64	0.1383
2	1.71	0.5041
3	1.96	0.0374
4	1.98	0.0399
5	1.98	0.0451
6	2.00	0.0417
7	2.23	0.0083
8	2.24	0.0085
9	2.25	0.0113
10	2.26	0.0114
11	2.37	0.0160
12	2.37	0.0070
13	2.38	0.0481
14	2.39	0.0472
15	2.41	0.0426
16	2.42	0.0394
17	4.05	0.0096
18	4.07	0.0189
19	4.08	0.0338
20	4.09	0.0303
21	4.10	0.0289
22	4.11	0.0253
23	7.13	0.0076
24	7.13	0.0057
25	7.14	0.0182
26	7.15	0.0237
27	7.16	0.0562
28	7.18	0.1131
29	7.19	0.1212
30	7.21	0.0447
31	7.21	0.0382
32	7.22	0.0373
33	7.23	0.0353
34	7.24	0.0942
35	7.26	0.1033
36	7.27	0.0458
37	7.30	0.0514
38	7.32	0.0568
39	7.33	0.0172
40	7.35	0.0467
41	7.36	0.0693
42	7.37	0.0537
43	7.38	0.0136
44	7.39	0.0131
45	7.58	0.0286
46	7.58	0.0313
47	7.59	0.0476
48	7.60	0.0152
49	7.60	0.0155
50	7.61	0.0270
51	7.61	0.0266
52	7.61	0.0137
53	7.62	0.0164
54	7.62	0.0134
55	7.63	0.0081
56	7.63	0.0081
57	7.91	0.0421
58	7.91	0.0457
59	7.92	0.0423
60	7.92	0.0439
61	7.93	0.0208
62	7.93	0.0190
63	7.94	0.0141
64	7.94	0.0145

Table of Multiplets
No.	Shift1 (ppm)	H's	Type	Atom1	Multiplet1	(ppm)
1	1.64	3	s	23	M10	[1.62 .. 1.67]
2	1.71	3	s	23	M09	[1.68 .. 1.74]
3	1.96	1	dd	13	M08	[1.94 .. 2.02]
4	2.23	1	dd	13	M07	[2.21 .. 2.27]
5	2.37	2	m	13	M06	[2.35 .. 2.44]
6	4.05	1	m	12	M05	[4.04 .. 4.13]
7	7.19	5	m	22, 21, 20, 19, 18	M04	[7.11 .. 7.29]
8	7.33	2	m	10, 8	M03	[7.29 .. 7.40]
9	7.59	1	m	9	M02	[7.57 .. 7.64]
10	7.91	1	ddd	7	M01	[7.90 .. 7.95]

Table of Assignments
No.	Atom	Exp. Shift (ppm)	Multiplet
1	23	1.64	M10
2	23	1.71	M09
3	13	1.96	M08
4	13	2.23	M07
5	13	2.37	M06
6	12	4.05	M05
7	22	7.19	M04
8	21	7.19	M04
9	20	7.19	M04
10	19	7.19	M04
11	18	7.19	M04
12	10	7.33	M03
13	8	7.33	M03
14	9	7.59	M02
15	7	7.91	M01


 


# HMDB01935 (Warfarin) 2D HSQC Peaklist:
     #  F2[ppm]           F1[ppm]       Intensity
     1   7.9174          124.1213     16545401.25
     2   7.5939          133.1045     12966847.88
     3   7.3573          125.1438     17029226.50
     4   7.3103          117.2561     13667530.75
     5   7.2529          129.4893     23525048.00
     6   7.1833          128.2112     30364064.13
     7   7.1607          127.1522     13286316.88
     8   4.0876           36.8685     11817903.88
     9   4.0620           37.9744      4329622.88
    10   2.3968           44.1516      5735591.00
    11   2.3742           42.8440      2072296.88
    12   2.2475           42.8440      2269483.00
    13   1.9789           44.1516      7957328.75
    14   1.7041           27.7264     42731294.88
    15   1.6370           25.9072     15457020.63

 


