# HMDB01852 (Retinoic acid) HNMR Peaklists:
Table of Peaks
No. 	(ppm) 	(Hz) 	Height
1 	1.01 	506.0 	0.9988 	
2 	1.43 	713.4 	0.0784 	
3 	1.44 	718.5 	0.1044 	
4 	1.45 	722.3 	0.1124 	
5 	1.45 	724.5 	0.1223 	
6 	1.56 	780.8 	0.0832 	
7 	1.57 	786.5 	0.0979 	
8 	1.58 	788.7 	0.0875 	
9 	1.58 	791.9 	0.0797 	
10 	1.68 	841.9 	0.4877 	
11 	1.98 	988.8 	0.5158 	
12 	1.99 	995.2 	0.1368 	
13 	2.00 	1001.7 	0.1667 	
14 	2.01 	1007.1 	0.1069 	
15 	2.27 	1135.3 	0.5208 	
16 	5.77 	2883.9 	0.1511 	
17 	6.15 	3072.5 	0.0718 	
18 	6.18 	3088.6 	0.1315 	
19 	6.22 	3109.2 	0.0794 	
20 	6.25 	3122.1 	0.1287 	
21 	6.28 	3139.8 	0.0583 	
22 	6.38 	3190.0 	0.0839 	
23 	6.41 	3205.0 	0.0940 	
24 	6.99 	3495.9 	0.0559 	
25 	7.02 	3507.4 	0.0645 	
26 	7.02 	3511.0 	0.0596 	
27 	7.05 	3522.5 	0.0518 	

Table of Multiplets
No. 	Shift1 (ppm) 	H's 	Type 	J (Hz) 	Atom1 	Multiplet1 	 (ppm)
1 	1.01 	2 	s 	- 	8, 7 	M04 	[0.99 .. 1.06]
2 	1.44 	1 	m 	- 	2 	M08 	[1.42 .. 1.46]
3 	1.57 	1 	m 	- 	1 	M09 	[1.55 .. 1.61]
4 	1.68 	1 	s 	- 	19 	M05 	[1.67 .. 1.72]
5 	1.99 	2 	m 	- 	20, 6 	M06 	[1.96 .. 2.04]
6 	2.27 	1 	s 	- 	21 	M07 	[2.25 .. 2.31]
7 	5.77 	1 	s 	- 	16 	M03 	[5.76 .. 5.79]
8 	6.21 	1 	m 	- 	9, 10, 12 	M10 	[6.14 .. 6.29]
9 	6.40 	1 	d 	14.98 	14 	M02 	[6.37 .. 6.43]
10 	7.02 	1 	dd 	15.06, 11.54 	13 	M01 	[6.98 .. 7.06]

Table of Assignments
No. 	Atom 	Exp. Shift (ppm) 	Multiplet
1 	8 	1.01 	M04
2 	7 	1.01 	M04
3 	2 	1.44 	M08
4 	1 	1.57 	M09
5 	19 	1.68 	M05
6 	20 	1.99 	M06
7 	6 	1.99 	M06
8 	21 	2.27 	M07
9 	16 	5.77 	M03
10 	9 	6.21 	M10
11 	10 	6.21 	M10
12 	12 	6.21 	M10
13 	14 	6.40 	M02
14 	13 	7.02 	M01




# HMDB01852 (Retinoic acid) 2D HSQC Peaklist:
	#	F2[ppm]	F1[ppm]	Intensity
	1	7.0454	131.8941	10962980.75
	2	6.3187	134.9286	777632.75
	3	6.2993	129.0260	-1740543.22
	4	6.1608	129.4001	7743205.25
	5	6.1510	137.2979	-414102.72
	6	5.7986	117.6364	22255939.50
	7	2.4010	14.0811	8651479.25
	8	2.3371	14.0811	6519173.75
	9	2.0263	33.1829	22592143.00
	10	2.0232	13.0423	6816339.50
	11	1.7216	21.8718	25582776.00
	12	1.6241	19.2172	11141241.00
	13	1.4748	39.6463	18052233.75
	14	1.0329	29.0278	103880158.50

 


