# HMDB00031 (Androsterone) HNMR Peaklists:
Table of Peaks
No.	(ppm)	(Hz)	Height
1	0.82	408.7	0.9390
2	0.87	434.7	1.0000
3	0.99	493.8	0.0141
4	1.00	498.7	0.0176
5	1.01	506.4	0.0400
6	1.02	511.3	0.0459
7	1.04	518.5	0.0444
8	1.05	523.4	0.0539
9	1.06	531.0	0.0195
10	1.07	535.9	0.0228
11	1.20	599.3	0.0129
12	1.22	608.6	0.0497
13	1.23	612.4	0.0420
14	1.24	621.2	0.0938
15	1.25	625.6	0.1720
16	1.26	629.5	0.1800
17	1.27	632.8	0.1228
18	1.27	636.3	0.1452
19	1.28	638.5	0.1359
20	1.28	641.0	0.1279
21	1.29	643.2	0.0824
22	1.29	647.2	0.0565
23	1.30	649.2	0.0791
24	1.31	653.8	0.1174
25	1.32	657.7	0.0348
26	1.32	659.8	0.0502
27	1.33	663.5	0.0153
28	1.33	666.8	0.0661
29	1.34	671.1	0.0545
30	1.36	680.1	0.0352
31	1.37	684.6	0.0349
32	1.39	694.7	0.0142
33	1.39	697.1	0.0396
34	1.40	699.7	0.0440
35	1.40	702.2	0.0196
36	1.42	708.0	0.0289
37	1.42	710.6	0.0728
38	1.43	713.2	0.0751
39	1.43	715.6	0.0279
40	1.48	738.7	0.0916
41	1.48	742.0	0.0431
42	1.50	751.3	0.1362
43	1.52	761.7	0.0952
44	1.53	764.0	0.1130
45	1.55	775.0	0.0830
46	1.56	779.0	0.3102
47	1.56	782.1	0.0441
48	1.57	785.0	0.0937
49	1.59	796.2	0.0637
50	1.63	816.7	0.0210
51	1.64	819.4	0.0519
52	1.65	823.8	0.0598
53	1.65	826.3	0.0442
54	1.66	828.9	0.0160
55	1.67	833.1	0.0363
56	1.67	837.2	0.0807
57	1.68	840.2	0.0840
58	1.69	843.8	0.0352
59	1.69	846.8	0.0508
60	1.72	861.4	0.0144
61	1.73	864.4	0.0166
62	1.73	865.7	0.0152
63	1.74	868.8	0.0126
64	1.78	890.6	0.0234
65	1.79	894.4	0.0772
66	1.80	897.9	0.1035
67	1.80	900.7	0.0617
68	1.81	903.3	0.0384
69	1.81	906.9	0.0962
70	1.82	909.8	0.1151
71	1.83	913.8	0.0200
72	1.92	957.7	0.0268
73	1.93	964.0	0.0297
74	1.93	966.3	0.0369
75	1.94	970.6	0.0322
76	1.95	972.6	0.0367
77	1.95	976.2	0.0271
78	1.96	979.1	0.0334
79	1.97	984.5	0.0310
80	2.02	1008.0	0.0124
81	2.04	1019.4	0.0508
82	2.06	1028.4	0.0820
83	2.08	1038.5	0.0720
84	2.10	1047.7	0.1014
85	2.11	1056.8	0.0427
86	2.41	1206.5	0.0667
87	2.43	1214.6	0.0635
88	2.45	1225.7	0.0551
89	2.47	1234.6	0.0499
90	4.06	2027.0	0.0301
91	4.06	2029.8	0.0541
92	4.07	2032.6	0.0521
93	4.07	2035.5	0.0277

Table of Multiplets
No.	Shift1 (ppm)	H's	Type	J (Hz)	Atom1	Multiplet1	 (ppm)
1	0.82	4	s	-	2a, 18	M21	[0.79 .. 0.84]
2	0.87	3	s	-	20	M20	[0.85 .. 0.90]
3	1.03	1	m	-	16	M19	[0.98 .. 1.08]
4	1.21	1	m	-	17	M18	[1.19 .. 1.23]
5	1.26	2	m	-	10, 9	M17	[1.23 .. 1.27]
6	1.28	1	m	-	17	M16	[1.27 .. 1.29]
7	1.31	1	m	-	4a	M15	[1.29 .. 1.33]
8	1.35	1	m	-	15	M14	[1.33 .. 1.38]
9	1.41	1	m	-	12	M13	[1.38 .. 1.44]
10	1.48	1	m	-	15	M12	[1.46 .. 1.49]
11	1.50	1	m	-	5	M11	[1.49 .. 1.51]
12	1.53	1	m	-	12	M10	[1.51 .. 1.54]
13	1.56	1	m	-	3a	M09	[1.54 .. 1.58]
14	1.59	1	m	-	11a	M08	[1.58 .. 1.63]
15	1.66	2	m	-	14	M07	[1.63 .. 1.69]
16	1.69	1	m	-	10	M06	[1.68 .. 1.72]
17	1.80	2	m	-	9, 16	M05	[1.77 .. 1.84]
18	1.94	1	m	-	5	M04	[1.90 .. 1.98]
19	2.07	1	m	-	6	M03	[2.01 .. 2.13]
20	2.44	1	dd	19.59, 8.50	6	M02	[2.39 .. 2.49]
21	4.06	1	m	-	13	M01	[4.04 .. 4.09]

Table of Assignments
No.	Atom	Exp. Shift (ppm)	Multiplet
1	2a	0.82	M21
2	18	0.82	M21
3	20	0.87	M20
4	16	1.03	M19
5	17	1.21	M18
6	10	1.26	M17
7	9	1.26	M17
8	17	1.28	M16
9	4a	1.31	M15
10	15	1.35	M14
11	12	1.41	M13
12	15	1.48	M12
13	5	1.50	M11
14	12	1.53	M10
15	3a	1.56	M09
16	11a	1.59	M08
17	14	1.66	M07
18	10	1.69	M06
19	9	1.80	M05
20	16	1.80	M05
21	5	1.94	M04
22	6	2.07	M03
23	6	2.44	M02
24	13	4.06	M01




# HMDB00031 (Androsterone) 2D HSQC Peaklist:
# PEAKLIST_VERSION 1.1
# PEAKLIST_DIMENSION 2
# 2006-05-22T21:41:50  nmrsu
# DU=/opt/topspin, USER=sean@granada.bio.ucalgary.ca, NAME=Met_Tool_2D_DB_Chl, EXPNO=98, PROCNO=1
# Manually picked peaks

     #     F2#     F1#           F2[ppm]           F1[ppm]       Intensity       Annotation

     1  1132.7   298.0            4.0565           66.3574      9347129.94
     2  1409.6   390.1            2.4322           35.7676       662101.38
     3  1472.1   390.1            2.0653           35.7676       944409.69
     4  1493.0   432.6            1.9431           21.6562      1285720.94
     5  1517.9   404.0            1.7969           31.1569      1345312.72
     6  1537.4   437.7            1.6826           19.9796      1488339.34
     7  1541.0   410.8            1.6613           28.9215       835965.34
     8  1554.1   380.5            1.5842           38.9811      1213885.13
     9  1559.1   392.7            1.5550           34.9293      1073312.59
    10  1565.2   390.4            1.5192           35.6933      1907881.81
    11  1569.0   390.0            1.4971           35.8284      1169514.88
    12  1569.1   432.6            1.4965           21.6562      1188853.56
    13  1572.7   401.3            1.4752           32.0651      2282369.66
    14  1584.0   390.8            1.4088           35.5580      1281229.56
    15  1595.8   401.1            1.3397           32.1350      1744666.41
    16  1604.9   343.0            1.2865           51.4159      2611458.88
    17  1607.2   412.4            1.2732           28.3626      2216656.03
    18  1611.2   437.7            1.2493           19.9796      1065205.91
    19  1614.9   412.9            1.2280           28.2229      1207801.00
    20  1610.8   403.0            1.2520           31.5062       743586.16
    21  1650.2   405.1            1.0207           30.8076       831784.31
    22  1685.6   333.7            0.8134           54.4897      1926931.13
    23  1676.5   456.2            0.8665           13.8320       707681.63
    24  1686.0   464.2            0.8107           11.1774       431876.69

 


