# HMDB00694 (L-2-Hydroxyglutaric acid) HNMR Peaklists:
Table of Peaks
No.	(ppm)	(Hz)	Height
1	1.79	893.6	0.2411	
2	1.80	899.5	0.3110	
3	1.80	901.1	0.3364	
4	1.81	903.8	0.3446	
5	1.82	907.3	0.5424	
6	1.82	909.4	0.4386	
7	1.82	911.5	0.4481	
8	1.83	913.0	0.4848	
9	1.83	915.1	0.4721	
10	1.84	917.6	0.5830	
11	1.84	920.7	0.4084	
12	1.85	923.5	0.4140	
13	1.85	925.4	0.3976	
14	1.86	931.1	0.2977	
15	1.95	974.5	0.3223	
16	1.96	978.6	0.3907	
17	1.96	980.7	0.4330	
18	1.97	984.8	0.6392	
19	1.98	988.8	0.5957	
20	1.98	991.0	0.5231	
21	1.99	995.0	0.5941	
22	2.00	998.8	0.4621	
23	2.01	1002.8	0.2923	
24	2.01	1004.9	0.2946	
25	2.02	1009.1	0.2465	
26	2.19	1095.5	0.3571	
27	2.20	1101.1	0.4109	
28	2.21	1105.7	0.3510	
29	2.22	1110.5	0.9840	
30	2.23	1115.9	0.8652	
31	2.24	1120.6	0.9487	
32	2.25	1123.6	1.0000	
33	2.25	1126.2	0.8839	
34	2.26	1129.9	0.9031	
35	2.27	1133.9	0.7697	
36	2.28	1140.1	0.7472	
37	2.29	1144.8	0.2681	
38	2.30	1148.8	0.3009	
39	2.31	1155.1	0.2172	
40	4.00	1997.1	0.7934	
41	4.00	2001.1	0.8003	
42	4.01	2004.6	0.7509	
43	4.02	2008.7	0.7239	

Table of Multiplets
No.	Shift1 (ppm)	H's	Type	J (Hz)	Atom1	Multiplet1	(ppm)
1	4.01	1	dd	7.55, 4.07	4	M01	[3.97 .. 4.03]
2	1.98	1	m	-	6	M03	[1.94 .. 2.04]
3	2.25	3	m	-	7	M02	[2.18 .. 2.32]
4	1.83	2	m	-	6	M04	[1.76 .. 1.89]

Table of Assignments
No.	Atom	Exp. Shift (ppm)	Multiplet
1	6	1.83	M04
2	6	1.98	M03
3	7	2.25	M02
4	4	4.01	M01




# HMDB00694 (L-2-Hydroxyglutaric acid) 2D HSQC Peaklist:
	#	F2[ppm]	F1[ppm]	Intensity
	1	4.0142	74.8003	18702048.00
	2	2.2465	36.0291	10985980.00
	3	1.9820	33.7439	6880988.00
	4	1.8247	33.6678	7013762.00

 


