# HMDB01920 (Dextromethorphan) HNMR Peaklists:
Table of Peaks
No.	(ppm)	Height
1	1.11	0.0054
2	1.12	0.0061
3	1.13	0.0178
4	1.14	0.0187
5	1.16	0.0201
6	1.16	0.0206
7	1.18	0.0082
8	1.18	0.0080
9	1.26	0.0026
10	1.27	0.0047
11	1.27	0.0033
12	1.28	0.0107
13	1.29	0.0175
14	1.29	0.0123
15	1.31	0.0145
16	1.31	0.0227
17	1.32	0.0157
18	1.33	0.0074
19	1.33	0.0109
20	1.34	0.0074
21	1.40	0.0087
22	1.40	0.0094
23	1.41	0.0082
24	1.42	0.0115
25	1.42	0.0178
26	1.43	0.0169
27	1.43	0.0183
28	1.44	0.0223
29	1.44	0.0178
30	1.45	0.0137
31	1.46	0.0185
32	1.47	0.0117
33	1.47	0.0035
34	1.48	0.0058
35	1.49	0.0039
36	1.55	0.0149
37	1.57	0.0141
38	1.60	0.0277
39	1.60	0.0250
40	1.61	0.0141
41	1.62	0.0274
42	1.62	0.0255
43	1.71	0.0162
44	1.71	0.0171
45	1.72	0.0132
46	1.72	0.0083
47	1.73	0.0119
48	1.73	0.0152
49	1.74	0.0110
50	1.91	0.0057
51	1.93	0.0095
52	1.95	0.0057
53	2.04	0.0092
54	2.06	0.0093
55	2.50	0.0192
56	2.52	0.0184
57	2.73	0.0064
58	2.94	0.0755
59	3.15	0.0152
60	3.17	0.0452
61	3.63	0.0293
62	3.63	0.0297
63	3.78	0.7262
64	6.83	0.0355
65	6.83	0.0440
66	6.84	0.0384
67	6.85	0.0500
68	6.88	0.0754
69	6.88	0.0673
70	7.16	0.0502
71	7.17	0.0467

Table of Multiplets
No.	Shift1 (ppm)	H's	Type	J (Hz)	Atom1	Multiplet1	(ppm)
1	1.11	1	ddd	-	17	M17	[1.09 .. 1.21]
2	1.26	1	m	-	15	M16	[1.24 .. 1.37]
3	1.40	2	m	-	14, 16	M15	[1.37 .. 1.51]
4	1.55	1	d	-	17	M14	[1.52 .. 1.58]
5	1.61	2	m	-	3, 15	M13	[1.58 .. 1.67]
6	1.71	1	m	-	16	M12	[1.68 .. 1.77]
7	1.91	1	t	-	3	M11	[1.87 .. 1.99]
8	2.04	1	d	-	5	M10	[1.99 .. 2.12]
9	2.50	1	d	-	14	M09	[2.47 .. 2.56]
10	2.73	1	br. s.	-	2	M08	[2.66 .. 2.81]
11	2.94	3	br. s.	-	18	M07	[2.89 .. 2.99]
12	3.15	3	m	-	2, 7	M06	[3.11 .. 3.23]
13	3.63	1	dd	-	6	M05	[3.61 .. 3.65]
14	3.78	3	s	-	20	M04	[3.75 .. 3.80]
15	6.83	1	dd	-	12	M03	[6.82 .. 6.86]
16	6.88	1	d	2.59	10	M02	[6.87 .. 6.91]
17	7.16	1	d	8.47	13	M01	[7.14 .. 7.19]

Table of Assignments
No.	Atom	Exp. Shift (ppm)	Multiplet
1	17	1.11	M17
2	15	1.26	M16
3	14	1.40	M15
4	16	1.40	M15
5	17	1.55	M14
6	3	1.61	M13
7	15	1.61	M13
8	16	1.71	M12
9	3	1.91	M11
10	5	2.04	M10
11	14	2.50	M09
12	2	2.73	M08
13	18	2.94	M07
14	2	3.15	M06
15	7	3.15	M06
16	6	3.63	M05
17	20	3.78	M04
18	12	6.83	M03
19	10	6.88	M02
20	13	7.16	M01


 


# HMDB01920 (Dextromethorphan) 2D HSQC Peaklist:
     # F2[ppm]           F1[ppm]       Intensity
     1  7.1617          130.4748      5873538.88
     2  6.8805          111.8827     16200419.13
     3  6.8384          113.8726      6478065.25
     4  3.7720           55.7701     16456453.13
     5  3.6245           61.7552      8333901.56
     6  3.1702           24.2444       612105.19
     7  3.1507           48.8232       823712.88
     8  2.9331           41.1713      9952962.56
     9  2.7235           48.8232       391550.56
    10  2.5082           36.2021      1417893.63
    11  2.0557           44.1652       146126.50
    12  1.9294           40.5173       148717.19
    13  1.7213           26.8957      2826672.44
    14  1.6071           22.9169      2327495.06
    15  1.5960           40.5175       268958.00
    16  1.5543           26.8970      2435212.31
    17  1.4488           26.8979      1652217.75
    18  1.4254           36.1951      2946756.44
    19  1.2935           22.9158       951045.38
    20  1.1446           26.8982      1423013.06

 


