# HMDB00502 (3-Oxocholic acid) HNMR Peaklists:
Table of Peaks
No.	(ppm)	Height
1	0.62	0.9402
2	0.92	1.0000
3	0.93	0.4898
4	0.94	0.4489
5	0.96	0.0189
6	0.97	0.0188
7	0.98	0.0430
8	0.99	0.0440
9	1.00	0.0462
10	1.01	0.0439
11	1.02	0.0196
12	1.03	0.0178
13	1.16	0.0239
14	1.18	0.0687
15	1.18	0.0548
16	1.20	0.0953
17	1.21	0.0515
18	1.21	0.0709
19	1.22	0.0457
20	1.23	0.0294
21	1.24	0.0336
22	1.25	0.0327
23	1.25	0.0363
24	1.27	0.0684
25	1.28	0.0738
26	1.29	0.0690
27	1.30	0.0761
28	1.32	0.0483
29	1.33	0.0185
30	1.41	0.1155
31	1.43	0.1539
32	1.44	0.0441
33	1.45	0.0421
34	1.47	0.0118
35	1.47	0.0118
36	1.50	0.1264
37	1.50	0.1259
38	1.50	0.1257
39	1.64	0.0669
40	1.65	0.0703
41	1.66	0.0818
42	1.66	0.0956
43	1.67	0.0990
44	1.68	0.1230
45	1.69	0.0669
46	1.70	0.0663
47	1.72	0.0365
48	1.73	0.0398
49	1.73	0.0411
50	1.74	0.0379
51	1.75	0.0339
52	1.76	0.0244
53	1.77	0.0518
54	1.78	0.0658
55	1.78	0.0881
56	1.80	0.1468
57	1.81	0.0468
58	1.81	0.0861
59	1.83	0.0268
60	1.87	0.0347
61	1.87	0.0591
62	1.88	0.0427
63	1.89	0.0337
64	1.90	0.0524
65	1.90	0.0345
66	1.94	0.0603
67	1.96	0.1061
68	1.96	0.1261
69	1.98	0.0640
70	1.99	0.0900
71	2.00	0.0446
72	2.01	0.0686
73	2.02	0.0622
74	2.03	0.0386
75	2.04	0.0311
76	2.08	0.0327
77	2.09	0.0422
78	2.09	0.0400
79	2.10	0.0766
80	2.12	0.0583
81	2.12	0.0568
82	2.13	0.0398
83	2.20	0.0479
84	2.21	0.0554
85	2.22	0.0502
86	2.23	0.0743
87	2.24	0.0352
88	2.25	0.0344
89	2.26	0.0276
90	2.28	0.0346
91	2.29	0.0355
92	2.30	0.0663
93	2.31	0.0596
94	2.32	0.0338
95	2.33	0.0281
96	2.40	0.0310
97	2.41	0.0348
98	2.42	0.0608
99	2.43	0.0586
100	2.44	0.0288
101	2.45	0.0243
102	3.41	0.0654
103	3.43	0.0844
104	3.43	0.0827
105	3.45	0.0582
106	3.68	0.1202
107	3.82	0.1304
108	3.82	0.1303

Table of Multiplets
No.	Shift1 (ppm)	H's	Type	J (Hz)		Atom1			Multiplet1	 (ppm)
1	0.62		3	s	-		18			M17		[0.61 .. 0.64]
2	0.92		3	s	-		19			M16		[0.91 .. 0.92]
3	0.93		3	d	6.60		28			M15		[0.92 .. 0.94]
4	0.96		1	ddd	-		13			M14		[0.95 .. 1.04]
5	1.23		4	m	-		12, 23, 14, 22		M13		[1.14 .. 1.36]
6	1.42		2	d	13.53		7, 3			M12		[1.37 .. 1.46]
7	1.50		2	d	-		10			M11		[1.46 .. 1.57]
8	1.80		6	m	-		13, 23, 6, 12, 7, 11	M10		[1.61 .. 1.84]
9	1.87		1	dt	-		14			M09		[1.85 .. 1.91]
10	1.98		3	m	-		15, 17, 2		M08		[1.92 .. 2.06]
11	2.09		1	m	-		24			M07		[2.06 .. 2.15]
12	2.22		1	m	-		24			M06		[2.19 .. 2.27]
13	2.31		1	td	-		4			M05		[2.27 .. 2.35]
14	2.43		1	td	-		15			M04		[2.38 .. 2.47]
15	3.43		1	dd	14.94, 13.89	17			M03		[3.39 .. 3.47]
16	3.68		1	br. s.	-		8			M02		[3.66 .. 3.71]
17	3.82		1	m	-		9			M01		[3.79 .. 3.85]

Table of Assignments
No.	Atom	Exp. Shift (ppm)	Multiplet
1	18	0.62			M17
2	19	0.92			M16
3	28	0.93			M15
4	13	0.96			M14
5	12	1.23			M13
6	23	1.23			M13
7	14	1.23			M13
8	22	1.23			M13
9	7	1.42			M12
10	3	1.42			M12
11	10	1.50			M11
12	13	1.80			M10
13	23	1.80			M10
14	6	1.80			M10
15	12	1.80			M10
16	7	1.80			M10
17	11	1.80			M10
18	14	1.87			M09
19	15	1.98			M08
20	17	1.98			M08
21	2	1.98			M08
22	24	2.09			M07
23	24	2.22			M06
24	4	2.31			M05
25	15	2.43			M04
26	17	3.43			M03
27	8	3.68			M02
28	9	3.82			M01


 


# HMDB00502 (3-Oxocholic acid) 2D HSQC Peaklist:
     #       F2[ppm]           F1[ppm]       Intensity 
     1        3.8186           70.7061     28003317.38
     2        3.6812           66.0680     24254356.00
     3        3.4255           45.1497      9638022.88
     4        2.4224           36.1784      7611863.75
     5        2.3050           26.3557      9355491.38
     6        2.2229           30.5438      8641123.63
     7        2.1136           30.5438      8629296.88
     8        2.0123           41.1578      9075052.25
     9        1.9670           45.1573      3684748.00
    10        1.9455           36.1784      4803802.00
    11        1.8801           36.0174      4780376.00
    12        1.8014           45.9673      6849404.38
    13        1.7832           33.6846      4111280.75
    14        1.7361           27.0415      4049564.38
    15        1.6842           42.4956      9050465.88
    16        1.6660           30.5457      7193371.63
    17        1.6538           22.5728      6463385.38
    18        1.5430           28.5443      3341829.38
    19        1.4954           28.5443     21662098.13
    20        1.4252           39.1760     12575473.38
    21        1.4126           33.6831      3042573.13
    22        1.3101           34.8546      8361444.25
    23        1.2708           36.0190      6863773.00
    24        1.2018           30.5442      5565002.13
    25        1.1839           27.0399      4211288.13
    26        0.9910           22.5725      4781837.88
    27        0.9290           16.7575     17426804.25
    28        0.9150           21.2422     71359507.88
    29        0.6215           12.2844      5509744.38

 


