# HMDB00063 (Cortisol) HNMR Peaklists:
Table of Peaks
No.	(ppm)	Height
1	0.88	0.3544
2	0.98	0.0291
3	0.99	0.0366
4	1.00	0.0309
5	1.01	0.0366
6	1.08	0.0052
7	1.08	0.0062
8	1.10	0.0153
9	1.10	0.0183
10	1.12	0.0174
11	1.13	0.0186
12	1.14	0.0059
13	1.15	0.0058
14	1.38	0.0163
15	1.39	0.0236
16	1.40	0.0170
17	1.41	0.0242
18	1.43	0.0092
19	1.47	0.4366
20	1.59	0.0318
21	1.59	0.0382
22	1.61	0.0357
23	1.62	0.0413
24	1.73	0.0099
25	1.75	0.0179
26	1.75	0.0195
27	1.76	0.0454
28	1.78	0.0454
29	1.80	0.0172
30	1.80	0.0145
31	1.81	0.0075
32	1.81	0.0069
33	1.85	0.0108
34	1.86	0.0141
35	1.87	0.0249
36	1.88	0.0296
37	1.90	0.0147
38	1.90	0.0161
39	2.00	0.0275
40	2.01	0.0351
41	2.03	0.0353
42	2.03	0.0525
43	2.04	0.0246
44	2.05	0.0449
45	2.06	0.0447
46	2.07	0.0256
47	2.08	0.0190
48	2.09	0.0075
49	2.09	0.0076
50	2.10	0.0062
51	2.20	0.0134
52	2.20	0.0303
53	2.21	0.0220
54	2.22	0.0166
55	2.23	0.0266
56	2.23	0.0184
57	2.25	0.0180
58	2.25	0.0243
59	2.26	0.0204
60	2.27	0.0216
61	2.28	0.0277
62	2.29	0.0148
63	2.30	0.0268
64	2.30	0.0167
65	2.32	0.0185
66	2.32	0.0363
67	2.33	0.0216
68	2.46	0.0186
69	2.47	0.0221
70	2.48	0.0200
71	2.49	0.0256
72	2.49	0.0253
73	2.50	0.0214
74	2.51	0.0147
75	2.52	0.0140
76	2.53	0.0108
77	2.53	0.0116
78	2.54	0.0135
79	2.54	0.0119
80	2.55	0.0186
81	2.55	0.0207
82	2.56	0.0236
83	2.56	0.0208
84	2.57	0.0100
85	2.58	0.0101
86	2.58	0.0105
87	2.59	0.0091
88	2.70	0.0172
89	2.70	0.0213
90	2.72	0.0203
91	2.72	0.0332
92	2.73	0.0266
93	2.74	0.0170
94	2.75	0.0176
95	4.24	0.0736
96	4.28	0.0856
97	4.39	0.0507
98	4.39	0.0581
99	4.40	0.0319
100	4.61	0.0941
101	4.64	0.0790
102	5.65	0.0930

Table of Multiplets
No.	Shift1 (ppm)	H's	Type	J (Hz)	Atom1	Multiplet1   (ppm)
1	0.89	3	s -	18	M19	[0.83 .. 0.94]
2	0.99	1	m -	4a	M18	[0.94 .. 1.05]
3	1.11	1	m -	10	M17	[1.05 .. 1.18]
4	1.39	1	m -	9	M16	[1.34 .. 1.44]
5	1.47	2	br. s. -	24, 8	M15	[1.44 .. 1.52]
6	1.59	1	m -	6	M14	[1.55 .. 1.65]
7	1.73	2	m -	2a, 9	M13	[1.71 .. 1.83]
8	1.88	1	m -	16	M12	[1.83 .. 1.93]
9	2.03	3	br. s. -	6, 10, 3a	M11	[1.97 .. 2.13]
10	2.20	1	m -	16	M10	[2.18 .. 2.24]
11	2.26	1	m -	11	M09	[2.24 .. 2.28]
12	2.32	1	m -	15	M08	[2.29 .. 2.36]
13	2.46	1	m -	15	M07	[2.43 .. 2.52]
14	2.57	1	m -	11	M06	[2.52 .. 2.62]
15	2.72	1	s -	8	M05	[2.67 .. 2.77]
16	4.26	1	d	19.15	25	M04	[4.22 .. 4.30]
17	4.39	1	t	2.94	5	M03	[4.36 .. 4.43]
18	4.62	1	d	19.15	25	M02	[4.59 .. 4.66]
19	5.65	1	s -	13	M01	[5.63 .. 5.68]

Table of Assignments
No.	Atom	Exp. Shift (ppm)	Multiplet
1	18	0.89	M19
2	4a	0.99	M18
3	10	1.11	M17
4	9	1.39	M16
5	24	1.47	M15
6	8	1.47	M15
7	6	1.59	M14
8	2a	1.73	M13
9	9	1.73	M13
10	16	1.88	M12
11	6	2.03	M11
12	10	2.03	M11
13	3a	2.03	M11
14	16	2.20	M10
15	11	2.26	M09
16	15	2.32	M08
17	15	2.46	M07
18	11	2.57	M06
19	8	2.72	M05
20	25	4.26	M04
21	5	4.39	M03
22	25	4.62	M02
23	13	5.65	M01


 


# HMDB00063 (Cortisol) 2D HSQC Peaklist:
     # F2[ppm]           F1[ppm]       Intensity       
      1  5.6532          122.5803      24762062.88
      2  4.6223           67.7033      10356908.88
      3  4.3893           68.7507      20580197.50
      4  4.2602           67.7033      18538537.63
      5  2.7229           34.7528       6893053.25
      6  2.5563           33.4309       6502790.38
      7  2.4888           34.7600       6216926.75
      8  2.3082           34.8034       2974787.00
      9  2.2633           33.4327       3608921.75
     10  2.2152           35.8761       4226192.75
     11  2.0647           32.8963       4518419.00
     12  2.0476           34.3266       5133253.38
     13  2.0197           40.7628       4568859.38
     14  1.8770           35.8761       6652252.88
     15  1.7777           24.7914       6293494.13
     16  1.7591           53.4565       5497268.63
     17  1.6024           40.7628       2366955.13
     18  1.4737           34.6842       4179533.50
     19  1.4659           21.5137      39203048.88
     20  1.3930           24.7914       4095597.13
     21  1.1075           34.4360       3750220.13
     22  0.9933           57.7018       8561111.75
     23  0.8820           17.9781       4486233.38
 


