# HMDB00505 (Allocholic acid) HNMR Peaklists:
Table of Peaks
No.	(ppm)	Height
1	0.71	0.4434
2	0.80	0.4169
3	1.00	0.1939
4	1.01	0.2043
5	1.08	0.0050
6	1.09	0.0061
7	1.10	0.0168
8	1.11	0.0172
9	1.12	0.0191
10	1.13	0.0172
11	1.14	0.0071
12	1.15	0.0065
13	1.28	0.0108
14	1.29	0.0286
15	1.29	0.0386
16	1.30	0.0242
17	1.31	0.0542
18	1.32	0.0570
19	1.32	0.0391
20	1.33	0.0273
21	1.33	0.0386
22	1.34	0.0454
23	1.34	0.0379
24	1.35	0.0172
25	1.36	0.0125
26	1.37	0.0160
27	1.37	0.0123
28	1.38	0.0112
29	1.39	0.0409
30	1.39	0.0484
31	1.40	0.0338
32	1.41	0.0567
33	1.42	0.0368
34	1.43	0.0439
35	1.44	0.0308
36	1.44	0.0246
37	1.46	0.0391
38	1.46	0.0387
39	1.46	0.0412
40	1.48	0.0200
41	1.48	0.0389
42	1.49	0.0284
43	1.51	0.0143
44	1.51	0.0150
45	1.52	0.0089
46	1.52	0.0077
47	1.54	0.0261
48	1.55	0.0262
49	1.57	0.0192
50	1.57	0.0156
51	1.59	0.0042
52	1.60	0.0082
53	1.60	0.0106
54	1.60	0.0116
55	1.61	0.0094
56	1.62	0.0251
57	1.64	0.0259
58	1.65	0.0443
59	1.65	0.0404
60	1.66	0.0425
61	1.66	0.0452
62	1.67	0.0376
63	1.68	0.0313
64	1.68	0.0220
65	1.69	0.0117
66	1.69	0.0050
67	1.70	0.0039
68	1.74	0.0061
69	1.74	0.0065
70	1.75	0.0158
71	1.76	0.0157
72	1.77	0.0196
73	1.77	0.0232
74	1.78	0.0219
75	1.78	0.0207
76	1.79	0.0237
77	1.79	0.0195
78	1.80	0.0159
79	1.80	0.0146
80	1.81	0.0096
81	1.82	0.0190
82	1.83	0.0312
83	1.85	0.0324
84	1.86	0.0274
85	1.87	0.0129
86	1.87	0.0133
87	1.88	0.0127
88	1.88	0.0135
89	1.89	0.0145
90	1.90	0.0128
91	1.90	0.0068
92	1.91	0.0123
93	1.91	0.0199
94	1.92	0.0168
95	1.93	0.0259
96	1.94	0.0228
97	1.95	0.0154
98	1.97	0.0120
99	2.11	0.0079
100	2.12	0.0146
101	2.13	0.0087
102	2.14	0.0161
103	2.14	0.0283
104	2.15	0.0152
105	2.16	0.0079
106	2.16	0.0131
107	2.17	0.0067
108	2.18	0.0130
109	2.19	0.0152
110	2.20	0.0152
111	2.21	0.0269
112	2.22	0.0215
113	2.22	0.0222
114	2.23	0.0170
115	2.32	0.0183
116	2.32	0.0211
117	2.33	0.0197
118	2.34	0.0307
119	2.35	0.0141
120	2.36	0.0139
121	2.37	0.0114
122	3.77	0.0504
123	3.78	0.0499
124	3.92	0.0322
125	3.92	0.0648
126	3.96	0.0354
127	3.97	0.0519
128	3.97	0.0355

Table of Multiplets
No.	Atom	Exp. Shift (ppm)	Multiplet
1	18	0.71		M12
2	24	0.80		M11
3	28	1.01		M10
4	4	1.08		M09
5	3	1.45		M08
6	20	1.45		M08
7	10	1.45		M08
8	14	1.45		M08
9	19	1.45		M08
10	6	1.45		M08
11	17	1.45		M08
12	13	1.45		M08
13	15	1.45		M08
14	7	1.45		M08
15	4	1.74		M07
16	20	1.74		M07
17	2	1.74		M07
18	3	1.74		M07
19	5	1.74		M07
20	9	2.11		M06
21	21	2.18		M05
22	21	2.32		M04
23	11	3.77		M03
24	12	3.92		M02
25	16	3.97		M01
	

Table of Assignments
No.	Shift1 (ppm)	H's	Type	J (Hz)	Atom1			Multiplet1	(ppm)
1	0.71	3	s	-	18			M12	[0.68 .. 0.73]
2	0.80	3	s	-	24			M11	[0.78 .. 0.82]
3	1.01	3	d	6.55	28			M10	[0.98 .. 1.03]
4	1.08	1	ddd	-	4			M09	[1.07 .. 1.16]
5	1.45	15	m	-	3, 20, 10, 14, 19, 6, 17, 13, 15, 7	M08	[1.25 .. 1.71]
6	1.74	5	m	-	4, 20, 2, 3, 5		M07	[1.72 .. 1.98]
7	2.11	1	tt	-	9			M06	[2.10 .. 2.17]
8	2.18	1	m	-	21			M05	[2.17 .. 2.25]
9	2.32	1	m	-	21			M04	[2.30 .. 2.38]
10	3.77	1	m	-	11			M03	[3.75 .. 3.80]
11	3.92	1	m	-	12			M02	[3.90 .. 3.94]
12	3.97	1	m	-	16			M01	[3.95 .. 3.99]
	

 


# HMDB00505 (Allocholic acid) 2D HSQC Peaklist:
     #  F2[ppm]           F1[ppm]     Intensity   
     1  3.9625           67.2250     14745414.19
     2  3.9178           74.0170     19165950.13
     3  3.7687           68.7095     18706809.44
     4  2.3349           31.9984      5693127.94
     5  2.2102           31.9984      5442369.56
     6  2.1346           32.6896      7134462.63
     7  1.9343           43.1521      6228438.00
     8  1.8855           28.5392      3492836.38
     9  1.8411           48.1285      5970072.94
    10  1.7904           32.1926      5517679.25
    11  1.7654           24.2233      5011506.75
    12  1.6569           40.4905      6217390.13
    13  1.6602           29.5295     11308587.31
    14  1.5525           29.3423      3240924.88
    15  1.4783           36.5025      7043501.00
    16  1.4543           41.1560      8257284.81
    17  1.4146           36.8259      5178633.50
    18  1.4111           33.1891      4867192.75
    19  1.4062           37.6684      6016126.94
    20  1.3336           37.6684      8141788.75
    21  1.3360           32.3399      3806218.31
    22  1.2957           36.5117      4478707.31
    23  1.2961           28.5272      4309072.06
    24  1.1137           24.2218      4015643.81
    25  1.0028           17.5849     17425113.69
    26  0.7985           10.4866     11008126.56
    27  0.6984           12.9299      4128798.75

 


