# HMDB01570 (Thymidine 3',5'-cyclic monophosphate) HNMR Peaklists:
Table of Peaks
No.	(ppm)	Height
1	1.81	0.7775
2	1.81	0.7588
3	2.16	0.0287
4	2.17	0.0283
5	2.18	0.0333
6	2.18	0.0400
7	2.19	0.0543
8	2.19	0.0483
9	2.20	0.0471
10	2.20	0.0444
11	2.24	0.0406
12	2.26	0.0541
13	2.26	0.0498
14	2.26	0.0391
15	2.28	0.0526
16	2.28	0.0368
17	2.28	0.0337
18	2.30	0.0271
19	3.47	0.0411
20	3.48	0.0510
21	3.49	0.0678
22	3.50	0.0713
23	3.51	0.0395
24	3.51	0.0476
25	3.96	0.0284
26	3.97	0.0321
27	3.97	0.0517
28	3.98	0.0480
29	3.99	0.0135
30	4.00	0.0269
31	4.01	0.1173
32	4.01	0.0801
33	4.02	0.0653
34	4.02	0.0613
35	4.03	0.0638
36	4.04	0.0303
37	4.04	0.0202
38	4.46	0.0206
39	4.46	0.0192
40	4.47	0.0515
41	4.49	0.0511
42	4.50	0.0195
43	4.51	0.0177
44	6.18	0.0953
45	6.19	0.0956
46	6.20	0.1039
47	6.20	0.0880
48	7.40	0.2327
49	7.41	0.2289

Table of Multiplets
No.	Shift1 (ppm)	H's	Type	J (Hz)	Atom1	Multiplet1	(ppm)
1	1.81	3	d	1.10	20	M08	[1.79 .. 1.83]
2	2.17	1	m	-	7	M07	[2.15 .. 2.22]
3	2.27	1	m	-	7	M06	[2.23 .. 2.31]
4	3.48	1	m	-	4	M05	[3.46 .. 3.52]
5	4.00	2	m	-	9	M04	[3.95 .. 4.06]
6	4.47	1	m	-	3	M03	[4.44 .. 4.52]
7	6.19	1	dd	8.97, 2.59	6	M02	[6.17 .. 6.22]
8	7.40	1	d	1.21	17	M01	[7.39 .. 7.42]

Table of Assignments
No.	Atom	Exp. Shift (ppm)	Multiplet
1	20	1.81	M08
2	7	2.17	M07
3	7	2.27	M06
4	4	3.48	M05
5	9	4.00	M04
6	3	4.47	M03
7	6	6.19	M02
8	17	7.40	M01


 


# HMDB01570 (Thymidine 3',5'-cyclic monophosphate) 2D HSQC Peaklist:
     #        F2[ppm]          F1[ppm]       Intensity
     1        7.4027          136.0886      29534069.50
     2        6.1994           83.0104      17830095.63
     3        4.4819           75.0411       8688898.69
     4        4.0117           65.0718      15958403.69
     5        3.9773           65.0718       7225885.69
     6        3.4947           75.6996      12016593.31
     7        2.2693           34.5102       5039234.25
     8        2.1877           34.5102       9128990.06
     9        1.8113           11.9234       6121448.88
 
 


