# HMDB01107 (7-Methylguanosine) HNMR Peaklists:
Table of Peaks
No.	(ppm)	(Hz)	Height
1	3.830	2295.72	0.0573
2	3.836	2299.51	0.0607
3	3.851	2308.62	0.0841
4	3.858	2312.41	0.0884
5	3.939	2360.81	0.0814
6	3.943	2363.55	0.0903
7	3.960	2373.70	0.0595
8	3.965	2376.50	0.0684
9	4.089	2451.25	0.7152
10	4.124	2471.94	0.0205
11	4.157	2491.47	0.0357
12	4.166	2497.13	0.0265
13	4.187	2509.58	0.0211
14	4.193	2513.10	0.0288
15	4.202	2518.64	0.0337
16	4.226	2533.29	0.0277
17	4.235	2538.56	0.0272
18	4.265	2556.23	0.0403
19	4.271	2559.96	0.0750
20	4.279	2564.74	0.0835
21	4.284	2567.92	0.0540
22	4.369	2618.96	0.0627
23	4.378	2624.00	0.1154
24	4.386	2629.11	0.0559
25	6.006	3600.12	0.1753
26	6.013	3604.35	0.1765
27	8.983	5384.60	0.2027

Table of Multiplets
No.	Shift1 (ppm)	H's	Type	J (Hz)	Atom1	Multiplet1	(ppm)
1	3.844	1	dd	12.90	17	M06	[3.824 .. 3.868]
2	3.844	1	dd	3.79	17	M06	[3.824 .. 3.868]
3	3.952	1	dd	12.92	17	M05	[3.934 .. 3.970]
4	3.952	1	dd	2.77	17	M05	[3.934 .. 3.970]
5	4.089	1	s	-	19	M04	[4.074 .. 4.104]
6	4.216	1	m	-	5	M04	[4.109 .. 4.305]
7	4.378	1	t	5.08	4	M03	[4.351 .. 4.406]
8	4.378	1	t	5.08	4	M03	[4.351 .. 4.406]
9	6.010	1	d	4.23	2	M02	[5.981 .. 6.041]
10	8.983	1	s	-	7	M01	[8.966 .. 9.002]

Table of Assignments
No.	Atom	Exp. Shift (ppm)	Multiplet
1	17	3.844	M06
2	17	3.952	M05
3	19	4.089	M04
4	5	4.216	M04
5	4	4.378	M03
6	2	6.010	M02
7	7	8.983	M01

 


7-Methylguanosine
 HMDB01107 
1DNMR spectrum:600MHz in H2O 
Sample: 50mM at PH 7.0 
Reference to DSS

Table of Multiplets
No.	H's	Type	J (Hz)	Atom1	Multiplet1	(ppm)
1	0	m	-	17	M07	[3.83 .. 3.89]
2	1	m	-	17	M06	[3.93 .. 3.99]
3	3	s	-	19	M05	[4.07 .. 4.12]
4	0	m	-	5	M04	[4.24 .. 4.30]
5	0	t	5.27	4	M03	[4.37 .. 4.43]
6	0	t	4.47	3	M02	[4.65 .. 4.71]
7	0	d	3.92	2	M08	[5.83 .. 6.25]
8	0	s	-	7	M01	[9.05 .. 9.11]

Table of Peaks
No.	(ppm)	(Hz)	Height
1	3.844	2307.75	0.0646
2	3.851	2311.71	0.0715
3	3.865	2320.51	0.0977
4	3.872	2324.47	0.1031
5	3.942	2366.51	0.0968
6	3.946	2369.15	0.1137
7	3.963	2379.27	0.0657
8	3.968	2382.13	0.0720
9	4.098	2460.26	1.0000
10	4.261	2558.19	0.0437
11	4.268	2561.94	0.0849
12	4.272	2564.36	0.0899
13	4.276	2566.78	0.1005
14	4.281	2570.30	0.0574
15	4.386	2633.02	0.0994
16	4.395	2638.30	0.1819
17	4.404	2643.59	0.0947
18	4.670	2803.80	0.0870
19	4.678	2808.42	0.1415
20	4.685	2812.83	0.0905
21	6.018	3612.81	0.2052
22	6.025	3616.77	0.2124
23	9.076	5448.49	0.2559

Table of Assignments
No.	Atom	Multiplet
1	17	M07
2	17	M06
3	19	M05
4	5	M04
5	4	M03
6	3	M02
7	2	M08
8	7	M01

 


# HMDB01107 (7-Methylguanosine) 2D HSQC Peaklist:
         F2[ppm]           F1[ppm]       Intensity       

     1   9.0724          138.6865      8837051.00
     2   6.0264           92.2769      7137099.00
     3   4.2654           87.9893      8483128.00
     4   4.6854           76.8974      7553313.00
     5   4.3946           71.8641     12036782.00
     6   3.9584           63.1957      3295167.00
     7   3.8614           63.2889      3783900.00
     8   3.7483           58.0692      7018149.00
     9   4.1092           38.2157       499305.00

 


