# HMDB00563 (D-Phenyllactic acid) HNMR Peaklists:
Table of Peaks
No.	(ppm)	(Hz)	Height
1	2.850	1709.01	0.2797
2	2.863	1717.01	0.2860
3	2.873	1723.04	0.3416
4	2.886	1731.01	0.3457
5	3.077	1845.56	0.3214
6	3.084	1849.86	0.3256
7	3.101	1859.59	0.2661
8	3.108	1863.86	0.2616
9	4.246	2546.27	0.2543
10	4.253	2550.56	0.2701
11	4.259	2554.20	0.2653
12	4.266	2558.50	0.2418
13	7.281	4366.74	0.1390
14	7.294	4374.13	0.4321
15	7.299	4377.35	0.6520
16	7.307	4382.34	0.4940
17	7.311	4384.80	1.0000
18	7.354	4410.62	0.6536
19	7.367	4417.98	0.7440
20	7.379	4425.67	0.3073

Table of Multiplets
No.	Shift1 (ppm)	H's	Type	J (Hz)	Atom1	Multiplet1	 (ppm)
1	2.868	1	dd	14.02, 7.98	7	M05	[2.839 .. 2.894]
2	3.093	1	dd	14.02, 4.29	7	M04	[3.050 .. 3.122]
3	4.256	1	dd	7.94, 4.30	8	M03	[4.235 .. 4.279]
4	7.298	3	m	-	4, 2, 6	M01	[7.268 .. 7.325]
5	7.367	2	t	7.52	5, 3	M02	[7.343 .. 7.393]

Table of Assignments
No.	Atom	Exp. Shift (ppm)	Multiplet
1	7	2.868	M05
2	7	3.093	M04
3	8	4.256	M03
4	4	7.298	M01
5	2	7.298	M01
6	6	7.298	M01
7	5	7.367	M02
8	3	7.367	M02

 


# HMDB00563 (D-Phenyllactic acid) 2D HSQC Peaklist:
	#	F2[ppm]	F1[ppm]	Intensity
	1	7.3435	132.0823	17017310.00
	2	7.4050	131.1060	13258240.00
	3	7.3307	129.1534	7807224.00
	4	4.2912	76.0165	10558860.00
	5	3.1307	42.8238	2149324.00
	6	2.9071	42.9098	4458548.00

 


