# HMDB01901 (Aminocaproic acid) HNMR Peaklists:
Table of Peaks
No. 	(ppm) 	(Hz) 	*(ppm) 	*(Hz) 	Height 	*Height 	*FWHH 	*Area 	*LF 	*Function
1 	3.01 	1505.3 	3.01 	1505.32 	0.2349 	0.2282 	1.35 	240478096.00 	0.40 	Gauss+Lorentz
2 	3.00 	1497.8 	3.00 	1497.81 	0.3184 	0.3077 	2.17 	573635200.00 	0.70 	Gauss+Lorentz
3 	2.98 	1490.3 	2.98 	1490.30 	0.2501 	0.2445 	1.35 	262920880.00 	0.46 	Gauss+Lorentz
4 	2.21 	1102.8 	2.21 	1102.81 	0.2635 	0.2609 	1.24 	263303120.00 	0.53 	Gauss+Lorentz
5 	2.19 	1095.5 	2.19 	1095.50 	0.5538 	0.5542 	1.22 	575444992.00 	0.66 	Gauss+Lorentz
6 	2.18 	1088.1 	2.18 	1088.16 	0.2833 	0.2812 	1.24 	285069152.00 	0.54 	Gauss+Lorentz
7 	1.70 	848.7 	1.70 	848.72 	0.0519 	0.0468 	1.52 	50223504.00 	0.11 	Gauss+Lorentz
8 	1.68 	841.1 	1.68 	841.22 	0.1195 	0.1085 	3.00 	256012672.00 	0.42 	Gauss+Lorentz
9 	1.67 	833.5 	1.67 	833.55 	0.1949 	0.1888 	2.48 	436204000.00 	0.98 	Gauss+Lorentz
10 	1.65 	825.9 	1.65 	825.91 	0.1307 	0.1195 	3.02 	287320800.00 	0.46 	Gauss+Lorentz
11 	1.64 	818.3 	1.64 	818.28 	0.0617 	0.0552 	1.52 	57698328.00 	0.04 	Gauss+Lorentz
12 	1.61 	806.4 	1.61 	806.40 	0.0546 	0.0476 	1.47 	47537836.00 	0.01 	Gauss+Lorentz
13 	1.60 	799.0 	1.60 	799.05 	0.1579 	0.1508 	1.92 	254481808.00 	0.79 	Gauss+Lorentz
14 	1.58 	791.5 	1.58 	791.51 	0.2070 	0.2021 	2.47 	452454912.00 	0.89 	Gauss+Lorentz
15 	1.57 	783.9 	1.57 	783.90 	0.1690 	0.1638 	2.00 	290952992.00 	0.81 	Gauss+Lorentz
16 	1.55 	776.4 	1.55 	776.44 	0.0646 	0.0584 	1.46 	57877772.00 	0.00 	Gauss+Lorentz
17 	1.40 	699.0 	1.40 	699.01 	0.0577 	0.0516 	1.89 	66238372.00 	0.01 	Gauss+Lorentz
18 	1.38 	691.0 	1.38 	690.96 	0.1325 	0.1228 	3.07 	347397408.00 	0.95 	Gauss+Lorentz
19 	1.37 	683.5 	1.37 	683.50 	0.1961 	0.1912 	1.93 	326670976.00 	0.81 	Gauss+Lorentz
20 	1.36 	677.9 	1.36 	677.96 	0.0598 	0.0408 	1.52 	54219792.00 	0.76 	Gauss+Lorentz
21 	1.35 	675.4 	1.35 	675.30 	0.0888 	0.0819 	2.83 	169207872.00 	0.21 	Gauss+Lorentz
22 	1.34 	668.3 	1.34 	668.25 	0.0348 	0.0325 	1.96 	43401060.00 	0.01 	Gauss+Lorentz


Table of Multiplets
No. 	Shift1 (ppm) 	H's 	Type 	J (Hz) 	Atom1 	Multiplet1 	 (ppm)
1 	2.99 	2 	t 	7.57 	8 	M01 	[2.97 .. 3.03]
2 	2.19 	2 	t 	7.32 	4 	M02 	[2.17 .. 2.21]
3 	1.67 	2 	m 	- 	7 	M03 	[1.63 .. 1.71]
4 	1.58 	2 	m 	- 	5 	M04 	[1.54 .. 1.62]
5 	1.37 	2 	m 	- 	6 	M05 	[1.33 .. 1.42]


Table of Assignments
No. 	Atom 	Exp. Shift (ppm) 	Multiplet
1 	8 	2.99 	M01
2 	4 	2.19 	M02
3 	7 	1.67 	M03
4 	5 	1.58 	M04
5 	6 	1.37 	M05




# HMDB01901 (Aminocaproic acid) 2D HSQC Peaklist:
	#	F2[ppm]	F1[ppm]	Intensity
	1	2.9997	42.2730	34377810.00
	2	2.1871	39.8172	32501242.00
	3	1.6652	29.2080	23058678.00
	4	1.5769	27.8655	24465628.00
	5	1.3658	28.0292	22510532.00

 


