# HMDB00174 (L-Fucose) HNMR Peaklists:
Table of Peaks
No.	(ppm)	(Hz)	Height
1	5.21	3124.0	0.1089	
2	5.21	3120.1	0.1112	
3	4.57	2737.5	0.2069	
4	4.55	2729.5	0.2115	
5	4.22	2527.9	0.0202	
6	4.21	2521.3	0.0642	
7	4.20	2514.7	0.0649	
8	4.18	2508.1	0.0207	
9	3.87	2322.5	0.0588	
10	3.87	2319.1	0.0604	
11	3.86	2312.2	0.0673	
12	3.85	2308.8	0.0881	
13	3.82	2292.6	0.0554	
14	3.81	2286.1	0.2398	
15	3.80	2279.6	0.1586	
16	3.79	2273.2	0.0516	
17	3.78	2267.5	0.0816	
18	3.78	2263.6	0.0801	
19	3.77	2257.2	0.0613	
20	3.76	2251.6	0.2300	
21	3.75	2248.3	0.2420	
22	3.66	2191.4	0.1456	
23	3.65	2187.9	0.1330	
24	3.64	2181.5	0.1719	
25	3.63	2178.0	0.1615	
26	3.47	2078.0	0.1684	
27	3.45	2070.1	0.1800	
28	3.45	2068.2	0.1767	
29	3.44	2060.1	0.1399	
30	1.26	753.2	0.6272	
31	1.25	746.7	0.6268	
32	1.22	729.2	0.2721	
33	1.21	722.5	0.2577	
34	0.00	0.0	1.0000	


Table of Multiplets
No.	Shift1 (ppm)	H's	Type	J (Hz)	Atom1	Multiplet1	(ppm)
1	5.21	3	d	3.90	13	M01	[5.20 .. 5.22]
2	4.56	6	d	7.91	2	M02	[4.53 .. 4.58]
3	4.20	3	q	6.61	17	M03	[4.17 .. 4.23]
4	3.86	4	dd	10.30, 3.38	15	M04	[3.84 .. 3.89]
5	3.79	24	m	-	5, 14, 16, 6	M05	[3.73 .. 3.83]
6	3.64	8	dd	9.92, 3.49	3	M06	[3.62 .. 3.67]
7	3.45	9	dd	9.89, 7.97	4	M07	[3.42 .. 3.48]
8	1.25	18	d	6.48	11	M08	[1.24 .. 1.27]
9	1.21	8	d	6.65	22	M09	[1.20 .. 1.22]


Table of Assignments
No.	Atom	Exp. Shift (ppm)	Multiplet
1	13	5.21	M01
2	2	4.56	M02
3	17	4.20	M03
4	15	3.86	M04
5	5	3.79	M05
6	14	3.79	M05
7	16	3.79	M05
8	6	3.79	M05
9	3	3.64	M06
10	4	3.45	M07
11	11	1.25	M08
12	22	1.21	M09




# HMDB00174 (L-Fucose) CNMR Peaklist:



# HMDB00174 (L-Fucose) 2D HSQC Peaklist:
# PEAKLIST_VERSION 1.1
# PEAKLIST_DIMENSION 2
# 2006-05-19T17:11:21  nmrsu
# DU=/opt/topspin, USER=nmrsu@granada.bio.ucalgary.ca, NAME=Met_Tool_2D_DB, EXPNO=369, PROCNO=1
# Manually picked peaks

     #     F2#     F1#           F2[ppm]           F1[ppm]       Intensity       Annotation

     1   956.0   219.9            5.1900           95.0689       649468.00
     2  1066.6   207.9            4.5413           99.0241       876808.00
     3  1128.3   298.2            4.1793           69.0645       438376.00
     4  1185.3   288.9            3.8447           72.1491       121288.00
     5  1193.7   284.7            3.7956           73.5409       469344.00
     6  1192.9   281.0            3.8001           74.7634       340464.00
     7  1200.0   292.5            3.7584           70.9453       122116.00
     8  1203.8   282.5            3.7361           74.2744       742412.00
     9  1222.8   278.2            3.6246           75.7038       467412.00
    10  1254.8   281.5            3.4372           74.5941       647112.00
    11  1625.6   451.1            1.2625           18.3167       523236.00
    12  1635.8   451.0            1.2025           18.3306       691916.00

 


