# HMDB00607 (Cyanocobalamin) HNMR Peaklists:
Table of Peaks
No.	(ppm)	(Hz)	Height
1	0.44	218.1	0.2300
2	0.96	481.2	0.0072
3	0.97	485.7	0.0131
4	0.98	489.2	0.0200
5	0.99	493.1	0.0440
6	1.00	497.4	0.0388
7	1.01	505.8	0.0730
8	1.03	517.0	0.0369
9	1.04	520.7	0.0242
10	1.18	590.5	0.4369
11	1.24	619.3	0.3598
12	1.25	625.7	0.3629
13	1.38	687.6	0.6409
14	1.39	694.5	0.3894
15	1.44	717.3	0.3517
16	1.73	862.2	0.0068
17	1.74	867.7	0.0059
18	1.74	870.3	0.0092
19	1.75	874.5	0.0081
20	1.76	878.7	0.0171
21	1.77	883.0	0.0085
22	1.77	887.0	0.0116
23	1.78	890.4	0.0168
24	1.79	895.5	0.0357
25	1.82	908.0	0.0545
26	1.82	911.7	0.0561
27	1.85	926.5	0.3494
28	1.91	956.4	0.0156
29	1.93	965.8	0.0269
30	1.94	970.8	0.0302
31	1.95	974.9	0.0406
32	1.96	981.4	0.0460
33	1.97	986.2	0.0376
34	1.98	991.5	0.0649
35	2.00	998.1	0.0311
36	2.01	1005.3	0.0220
37	2.09	1043.3	0.0333
38	2.09	1046.1	0.0330
39	2.17	1082.1	0.0742
40	2.19	1095.8	0.0819
41	2.23	1112.2	0.0947
42	2.25	1123.1	1.0000
43	2.36	1180.1	0.0169
44	2.39	1193.8	0.0862
45	2.40	1199.1	0.0901
46	2.43	1212.7	0.0183
47	2.45	1223.6	0.0135
48	2.46	1230.4	0.0182
49	2.48	1238.4	0.0415
50	2.49	1245.2	0.0500
51	2.50	1247.4	0.0465
52	2.51	1254.4	0.0471
53	2.53	1262.8	0.7530
54	2.55	1272.5	0.0758
55	2.56	1279.3	0.6842
56	2.58	1290.6	0.0982
57	2.61	1302.1	0.0886
58	2.62	1309.9	0.1368
59	2.63	1317.0	0.0997
60	2.65	1324.5	0.0480
61	2.67	1335.8	0.0559
62	2.69	1343.4	0.0313
63	2.72	1360.6	0.0332
64	2.74	1368.3	0.1194
65	2.76	1379.0	0.1145
66	2.77	1386.5	0.0159
67	2.90	1447.7	0.0274
68	2.91	1452.8	0.0081
69	2.91	1455.8	0.0267
70	2.92	1459.1	0.0262
71	2.93	1463.7	0.0475
72	2.94	1468.6	0.0219
73	2.95	1473.5	0.0464
74	2.96	1478.6	0.0217
75	2.97	1483.2	0.0263
76	2.98	1487.9	0.0187
77	3.31	1654.9	0.0588
78	3.33	1664.9	0.0587
79	3.40	1698.5	0.0377
80	3.41	1703.8	0.0419
81	3.42	1710.0	0.0416
82	3.43	1715.3	0.0374
83	3.58	1789.2	0.0234
84	3.59	1796.4	0.0226
85	3.61	1803.3	0.0230
86	3.62	1811.2	0.0174
87	3.73	1863.8	0.0273
88	3.74	1867.7	0.0331
89	3.75	1876.6	0.0387
90	3.76	1880.7	0.0357
91	3.90	1950.4	0.0325
92	3.91	1952.6	0.0388
93	3.93	1963.0	0.0267
94	3.93	1965.4	0.0252
95	4.03	2015.2	0.0171
96	4.04	2018.7	0.0269
97	4.04	2021.2	0.0193
98	4.05	2024.0	0.0213
99	4.06	2027.5	0.0320
100	4.06	2030.8	0.0424
101	4.08	2041.3	0.0268
102	6.07	3033.4	0.2602
103	6.34	3167.1	0.1360
104	6.34	3170.4	0.1391
105	6.38	3187.2	0.1055
106	6.49	3244.3	0.2157
107	6.99	3494.7	0.0318
108	7.03	3511.4	0.0259
109	7.04	3520.7	0.0238
110	7.07	3533.2	0.3588
111	7.10	3548.7	0.0193
112	7.27	3632.2	0.2512
113	7.46	3730.3	0.0176
114	7.72	3858.5	0.0245
115	7.82	3910.1	0.0093
116	8.17	4084.2	0.0362
117	8.18	4089.5	0.0513
118	8.18	4090.8	0.0509
119	8.20	4096.2	0.0345

Table of Multiplets
No.	Shift1 (ppm)	H's	Type	J (Hz)	Multiplet1	(ppm)
1	0.44	3	s	-	M35	[0.41 .. 0.46]
2	1.00	3	m	-	M34	[0.95 .. 1.06]
3	1.18	4	s	-	M33	[1.16 .. 1.20]
4	1.25	4	d	6.38	M32	[1.22 .. 1.26]
5	1.38	7	m	-	M31	[1.36 .. 1.40]
6	1.44	3	s	-	M30	[1.42 .. 1.46]
7	1.77	2	m	-	M29	[1.72 .. 1.83]
8	1.85	4	s	-	M28	[1.83 .. 1.88]
9	1.96	3	m	-	M27	[1.90 .. 2.03]
10	2.09	1	d	2.84	M26	[2.08 .. 2.10]
11	2.18	1	d	13.68	M25	[2.16 .. 2.20]
12	2.25	9	s	-	M24	[2.23 .. 2.27]
13	2.39	2	d	5.33	M23	[2.35 .. 2.43]
14	2.48	2	m	-	M22	[2.44 .. 2.51]
15	2.54	11	m	-	M21	[2.51 .. 2.57]
16	2.64	6	m	-	M20	[2.57 .. 2.70]
17	2.75	2	d	10.75	M19	[2.71 .. 2.78]
18	2.94	2	m	-	M18	[2.89 .. 2.99]
19	3.32	1	d	9.95	M17	[3.29 .. 3.34]
20	3.41	1	dd	11.48, 5.31	M16	[3.39 .. 3.44]
21	3.60	1	dd	14.44, 7.53	M15	[3.57 .. 3.64]
22	3.75	1	dd	12.89, 3.95	M14	[3.72 .. 3.77]
23	3.92	1	dd	12.72, 2.29	M13	[3.89 .. 3.94]
24	4.05	1	m	-	M12	[4.02 .. 4.10]
25	6.07	1	s	-	M11	[6.05 .. 6.08]
26	6.34	1	d	3.25	M10	[6.32 .. 6.35]
27	6.38	1	s	-	M09	[6.36 .. 6.40]
28	6.49	1	s	-	M08	[6.47 .. 6.50]
29	7.04	3	m	-	M07	[6.97 .. 7.12]
30	7.07	2	s	-	M06	[7.06 .. 7.08]
31	7.27	2	s	-	M05	[7.25 .. 7.29]
32	7.46	1	s	-	M04	[7.45 .. 7.48]
33	7.72	1	br. s.	-	M03	[7.69 .. 7.74]
34	7.82	1	s	-	M02	[7.80 .. 7.84]
35	8.18	1	dd	6.68, 5.35	M01	[8.15 .. 8.21]




# HMDB00607 (Cyanocobalamin) 2D HSQC Peaklist:
	#	F2[ppm]	F1[ppm]	Intensity
	1	7.2708	113.9539	326960.00
	2	7.0749	144.5584
	3	6.4915	118.8950	291872.00
	4	6.3434	89.4798	271408.00
	5	6.0742	97.4393	215488.00
	6	4.2893	75.4998	138320.00
	7	4.2704	71.2246	287488.00
	8	4.1732	58.7956	123632.00
	9	4.0760	77.4391	108016.00
	10	4.0470	84.4911	125968.00
	11	3.9204	62.8848
	12	3.7444	62.8848
	13	3.5999	47.7808
	14	3.4179	58.0960	107216.00
	15	3.3243	56.0745	125920.00
	16	2.9484	47.8136
	17	2.9156	56.9193	146272.00
	18	2.7515	41.5097
	19	2.7487	34.0678
	20	2.6656	34.0678
	21	2.6284	34.6175
	22	2.6182	37.1558	183088.00
	23	2.5683	45.4162
	24	2.5540	17.5832	102416.00
	25	2.5483	37.5092
	26	2.5254	35.0462
	27	2.5254	17.7945
	28	2.4853	37.3824
	29	2.3949	45.3348	171184.00
	30	2.2486	22.0598	375664.00
	31	2.1812	45.3399
	32	2.0918	35.0168
	33	1.9911	28.3791
	34	1.9660	30.4230
	35	1.8597	21.4522	180304.00
	36	1.8276	34.3871
	37	1.7605	21.6920
	38	1.4362	21.6392	227488.00
	39	1.3936	19.1482	71360.00
	40	1.3763	18.4049	42624.00
	41	1.2475	21.4990	232544.00
	42	1.1820	33.7657	483120.00
	43	1.0057	34.0797
	44	1.0057	28.3814
	45	0.6325	17.5997
	46	0.4428	21.7794	180864.00

 


