# HMDB00267 (Pyroglutamic acid) HNMR Peaklists:
Table of Peaks
No. (ppm) (Hz) Height
1 1.993 1196.24 0.0697
2 2.002 1202.01 0.0697
3 2.006 1204.16 0.1169
4 2.014 1209.17 0.1134
5 2.016 1209.99 0.1121
6 2.020 1212.47 0.0872
7 2.024 1214.89 0.0873
8 2.026 1216.26 0.0893
9 2.029 1218.14 0.1598
10 2.036 1222.21 0.0828
11 2.039 1223.91 0.1013
12 2.041 1225.34 0.0923
13 2.051 1231.23 0.0872
14 2.379 1428.42 0.3022
15 2.381 1429.47 0.2701
16 2.393 1436.89 0.6159
17 2.396 1438.54 0.2806
18 2.407 1444.98 0.5742
19 2.466 1480.69 0.1110
20 2.477 1487.29 0.0913
21 2.482 1489.77 0.1660
22 2.488 1493.45 0.1000
23 2.493 1496.48 0.1461
24 2.497 1498.90 0.0879
25 2.500 1500.72 0.1012
26 2.503 1502.37 0.1590
27 2.508 1505.61 0.0702
28 2.515 1509.63 0.1317
29 2.517 1511.28 0.0837
30 2.530 1518.54 0.0639
31 4.161 2498.00 0.1946
32 4.171 2503.89 0.1973
33 4.176 2507.08 0.2019
34 4.186 2512.86 0.1862
35 7.747 4650.76 0.0058
 
Experiment Metadata
Pyroglutamic acid (HMDB00267)
1H NMR spectrum: 600 MHz in H2O
Sample: 25 mM at pH 7.0, 298 K
Referenced to DSS


# HMDB00267 (Pyroglutamic acid) 2D HSQC Peaklist:
Pyroglutamic acid (HMDB00267)
2D HSQC spectrum
25 mM at pH 7.0, 298 K
Referenced to DSS

#     F2[ppm]           F1[ppm]       Intensity       

1     4.1625           60.9720      6768836.00
2     2.4881           27.9837      1864552.00
3     2.3847           32.2834      6950391.00
4     2.0102           27.9837      2585502.00

 


