# HMDB03213 (Raffinose) HNMR Peaklists:
Table of Peaks
No.	(ppm)	Height
1	3.52	0.1696
2	3.54	0.3158
3	3.55	0.4441
4	3.56	0.2546
5	3.57	0.2864
6	3.58	0.2973
7	3.66	0.8712
8	3.67	1.0000
9	3.69	0.2722
10	3.73	0.5646
11	3.74	0.4983
12	3.74	0.8129
13	3.75	0.5370
14	3.76	0.1832
15	3.77	0.2729
16	3.77	0.2719
17	3.78	0.2795
18	3.81	0.2090
19	3.82	0.4046
20	3.82	0.3378
21	3.83	0.3431
22	3.83	0.3654
23	3.84	0.1914
24	3.84	0.1573
25	3.87	0.4367
26	3.88	0.4179
27	3.89	0.2383
28	3.89	0.3707
29	3.90	0.2610
30	3.90	0.1210
31	3.94	0.1746
32	3.95	0.3009
33	3.96	0.1468
34	3.99	0.3995
35	4.00	0.3655
36	4.02	0.1405
37	4.02	0.2531
38	4.04	0.3831
39	4.04	0.4829
40	4.05	0.5973
41	4.07	0.2639
42	4.21	0.6165
43	4.22	0.5176
44	4.98	0.3955
45	4.99	0.3928
46	5.41	0.4544
47	5.42	0.4493

Table of Multiplets
No.	Shift1 (ppm)	H's	Type	J (Hz)	Atom1	Multiplet1	(ppm)
1	3.55	2	m	-	10, 12	M12	[3.51 .. 3.59]
2	3.67	2	d	1.38	13	M11	[3.65 .. 3.68]
3	3.69	1	br. s.	-	19	M10	[3.68 .. 3.71]
4	3.76	4	m	-	30, 11, 17	M09	[3.72 .. 3.80]
5	3.82	1	m	-	26, 17	M08	[3.80 .. 3.86]
6	3.89	2	m	-	25, 5	M07	[3.86 .. 3.92]
7	3.95	1	t	6.22	23	M06	[3.92 .. 3.97]
8	4.00	1	d	2.75	24	M05	[3.98 .. 4.01]
9	4.04	3	m	-	19, 9, 4	M04	[4.01 .. 4.08]
10	4.22	1	d	8.80	3	M03	[4.19 .. 4.24]
11	4.98	1	d	3.80	21	M02	[4.96 .. 5.01]
12	5.42	1	d	3.85	7	M01	[5.38 .. 5.44]

Table of Assignments
No.	Atom	Exp. Shift (ppm)	Multiplet
1	10	3.55		M12
2	12	3.55		M12
3	13	3.67		M11
4	19	3.69		M10
5	30	3.76		M09
6	11	3.76		M09
7	17	3.76		M09
8	26	3.82		M08
9	17	3.82		M08
10	25	3.89		M07
11	5	3.89		M07
12	23	3.95		M06
13	24	4.00		M05
14	19	4.04		M04
15	9	4.04		M04
16	4	4.04		M04
17	3	4.22		M03
18	21	4.98		M02
19	7	5.42		M01


 


# HMDB03213 (Raffinose) 2D HSQC Peaklist:
     #        F2[ppm]           F1[ppm]       Intensity 
     1         5.4136           94.6172     42671565.75
     2         4.9823          101.0836     37289996.00
     3         4.2170           79.0091     20880628.13
     4         4.0528           76.6836     21108663.50
     5         4.0409           74.0258     19269794.25
     6         4.0295           68.3880      9160994.38
     7         3.9943           71.7113     41956570.88
     8         3.9445           73.6971     25711082.88
     9         3.8888           83.9885     21632181.25
    10         3.8866           72.0361     10628276.38
    11         3.8299           65.0651      9288794.00
    12         3.8181           71.0430     10653990.63
    13         3.7773           65.0645     12251956.50
    14         3.7537           75.3580     21856874.63
    15         3.7387           63.7411     50660717.50
    16         3.6778           68.3888      9280479.13
    17         3.6658           64.0701     65667167.38
    18         3.5601           73.6961     15784089.25
    19         3.5359           72.0362     21395011.13

 


