# HMDB00172 (L-Isoleucine) HNMR Peaklists:
Table of Peaks
No.	(ppm)	(Hz)	Height
1	0.91	547.7	0.4271
2	0.93	555.1	1.0000
3	0.94	562.6	0.4869
4	0.99	594.1	0.9347
5	1.00	601.2	0.9620
6	1.21	725.7	0.0179
7	1.22	733.0	0.0507
8	1.23	735.0	0.0229
9	1.23	740.3	0.0548
10	1.24	742.3	0.0569
11	1.24	746.5	0.0668
12	1.25	748.4	0.0431
13	1.25	749.7	0.0579
14	1.26	753.9	0.0621
15	1.26	755.8	0.0722
16	1.27	761.3	0.0219
17	1.27	763.2	0.0621
18	1.28	770.6	0.0182
19	1.42	853.5	0.0192
20	1.43	858.3	0.0217
21	1.44	861.0	0.0595
22	1.44	865.8	0.0656
23	1.45	868.4	0.0625
24	1.46	873.3	0.0718
25	1.46	874.3	0.0685
26	1.47	879.2	0.0548
27	1.47	881.9	0.0533
28	1.48	886.7	0.0485
29	1.48	889.4	0.0159
30	1.49	894.2	0.0144
31	1.94	1160.8	0.0081
32	1.94	1165.3	0.0147
33	1.95	1167.8	0.0287
34	1.95	1172.3	0.0461
35	1.96	1174.8	0.0454
36	1.96	1176.8	0.0545
37	1.97	1179.2	0.0559
38	1.97	1181.6	0.0554
39	1.97	1183.8	0.0537
40	1.98	1185.9	0.0450
41	1.98	1188.5	0.0436
42	1.99	1190.7	0.0211
43	1.99	1192.9	0.0276
44	1.99	1195.4	0.0138
45	2.00	1199.9	0.0076
46	3.66	2193.3	0.3633
47	3.66	2197.3	0.3645

Table of Multiplets
No.	Shift1 (ppm)	H's	Type	J (Hz)	Atom1	Multiplet1	(ppm)
1	0.93	3	t	7.44	8	M06	[0.91 .. 0.95]
2	1.00	3	d	7.06	9	M05	[0.98 .. 1.01]
3	1.25	1	ddd	13.53, 9.32, 7.36	7	M04	[1.20 .. 1.29]
4	1.46	1	ddd	13.41, 7.51, 4.82	7	M03	[1.42 .. 1.50]
5	1.97	1	m	6.91, 4.49	6	M02	[1.93 .. 2.01]
6	3.66	1	d	4.02	4	M01	[3.65 .. 3.67]

Table of Assignments
No.	Atom	Exp. Shift (ppm)	Multiplet
1	8	0.93	M06
2	9	1.00	M05
3	7	1.25	M04
4	7	1.46	M03
5	6	1.97	M02
6	4	3.66	M01

 


# HMDB00172 (L-Isoleucine) CNMR Peaklist:



# HMDB00172 (L-Isoleucine) 2D HSQC Peaklist:
	#	F2[ppm]	F1[ppm]	Intensity	Annotation

	1	3.6527	62.5230	788540.00
	2	1.9623	38.6864	294198.00
	3	1.4532	26.9982	246218.00
	4	1.2450	27.2451	217502.00
	5	0.9950	17.3677	78968.00
	6	0.9256	13.9107	60118.00

 


