# HMDB03573 (Scopolamine) HNMR Peaklists:
Table of Peaks
No.	(ppm)	Height
1	2.02	0.0059
2	2.05	0.0067
3	2.38	0.0081
4	2.39	0.0105
5	2.39	0.0099
6	2.39	0.0086
7	2.41	0.0078
8	2.41	0.0094
9	2.42	0.0090
10	2.42	0.0073
11	2.44	0.0082
12	2.45	0.0103
13	2.45	0.0098
14	2.46	0.0089
15	2.47	0.0078
16	2.48	0.0090
17	2.48	0.0086
18	2.49	0.0072
19	2.83	0.0907
20	3.27	0.0287
21	3.28	0.0296
22	3.78	0.0163
23	3.79	0.0261
24	3.80	0.0148
25	3.81	0.0451
26	3.81	0.0369
27	3.83	0.0247
28	3.84	0.0164
29	3.84	0.0311
30	3.85	0.0301
31	3.90	0.0099
32	4.13	0.0193
33	4.14	0.0230
34	4.14	0.0220
35	4.16	0.0172
36	5.02	0.0110
37	5.03	0.0213
38	5.04	0.0106
39	7.29	0.0039
40	7.30	0.0077
41	7.30	0.0043
42	7.31	0.0079
43	7.32	0.0079
44	7.32	0.0137
45	7.32	0.0152
46	7.33	0.0252
47	7.33	0.0105
48	7.34	0.0640
49	7.34	0.0408
50	7.35	0.0440
51	7.35	0.0109
52	7.36	0.0371
53	7.38	0.0124

Table of Multiplets
No.	Shift1 (ppm)	H's	Type	Atom1	Multiplet1	(ppm)
1	1.83	1	d	9	M11	[1.77 .. 1.88]
2	2.02	0	d	7	M10	[1.99 .. 2.10]
3	2.38	1	m	9	M09	[2.36 .. 2.43]
4	2.44	1	m	7	M08	[2.43 .. 2.50]
5	2.83	3	s	10	M07	[2.77 .. 2.89]
6	3.27	2	s	2	M06	[3.25 .. 3.29]
7	3.78	4	m	15, 4, 14, 3	M05	[3.76 .. 3.86]
8	3.91	1	br. s.	6	M04	[3.86 .. 3.96]
9	4.14	1	m	15	M03	[4.10 .. 4.18]
10	5.03	1	m	8	M02	[5.01 .. 5.06]
11	7.34	5	m	19, 18, 20, 21, 22	M01	[7.28 .. 7.39]

Table of Assignments
No.	Atom	Exp. Shift (ppm)	Multiplet
1	9	1.83	M11
2	7	2.02	M10
3	9	2.38	M09
4	7	2.44	M08
5	10	2.83	M07
6	2	3.27	M06
7	15	3.78	M05
8	4	3.78	M05
9	14	3.78	M05
10	3	3.78	M05
11	6	3.91	M04
12	15	4.14	M03
13	8	5.03	M02
14	19	7.34	M01
15	18	7.34	M01
16	20	7.34	M01
17	21	7.34	M01
18	22	7.34	M01
 


# HMDB03573 (Scopolamine) 2D HSQC Peaklist:
     #   F2[ppm]           F1[ppm]       Intensity       
     1   7.3619          130.1088      8520042.13
     2   7.3365          129.4807     12853663.56
     3   7.3066          129.1199      5551431.69
     4   5.0313           64.5422      8523725.31
     5   4.1432           64.6008      4405071.06
     6   3.8990           58.7605      1126028.31
     7   3.8459           53.8975      8397079.63
     8   3.8200           55.8522      3912624.63
     9   3.8064           58.6651      1102549.88
    10   3.7992           64.6008      2428473.50
    11   3.2749           53.6050      7677943.63
    12   2.8315           31.1881      1773939.13
    13   2.4660           25.5311        64923.94
    14   2.4000           25.2128        55710.19
    15   2.0220           25.5314       336012.81
    16   1.8094           25.2128       325319.69

 


