# HMDB00253 (Pregnenolone) HNMR Peaklists:
Table of Peaks
No. 	(ppm) 	(Hz) 	Height
1 	0.64 	319.8 	0.8513 	
2 	0.97 	485.3 	0.0299 	
3 	0.98 	490.0 	0.0295 	
4 	0.99 	496.7 	0.0744 	
5 	1.00 	501.3 	0.0711 	
6 	1.02 	508.1 	0.8888 	
7 	1.07 	535.7 	0.0244 	
8 	1.08 	540.0 	0.0341 	
9 	1.10 	550.2 	0.0610 	
10 	1.11 	554.0 	0.0644 	
11 	1.13 	563.3 	0.0607 	
12 	1.13 	566.9 	0.0430 	
13 	1.14 	569.5 	0.0428 	
14 	1.15 	573.6 	0.0401 	
15 	1.15 	575.4 	0.0465 	
16 	1.16 	580.1 	0.0452 	
17 	1.16 	581.8 	0.0476 	
18 	1.17 	586.0 	0.0451 	
19 	1.18 	592.2 	0.0478 	
20 	1.21 	602.3 	0.0152 	
21 	1.21 	605.8 	0.0342 	
22 	1.22 	611.1 	0.0545 	
23 	1.23 	616.8 	0.0384 	
24 	1.25 	623.0 	0.0463 	
25 	1.26 	628.9 	0.0407 	
26 	1.27 	635.0 	0.0190 	
27 	1.28 	641.1 	0.0173 	
28 	1.42 	709.3 	0.0189 	
29 	1.43 	712.4 	0.0173 	
30 	1.45 	722.5 	0.0559 	
31 	1.45 	725.5 	0.0607 	
32 	1.46 	731.4 	0.1049 	
33 	1.47 	736.2 	0.0905 	
34 	1.48 	740.4 	0.1312 	
35 	1.50 	751.3 	0.2062 	
36 	1.51 	753.4 	0.2027 	
37 	1.52 	760.1 	0.0658 	
38 	1.53 	763.0 	0.0817 	
39 	1.53 	766.7 	0.0737 	
40 	1.55 	773.9 	0.0750 	
41 	1.58 	788.3 	0.0437 	
42 	1.58 	791.0 	0.0528 	
43 	1.59 	793.5 	0.0430 	
44 	1.61 	804.0 	0.2931 	
45 	1.62 	809.9 	0.0853 	
46 	1.63 	814.8 	0.0607 	
47 	1.64 	817.5 	0.0684 	
48 	1.65 	823.8 	0.0766 	
49 	1.65 	827.0 	0.0546 	
50 	1.66 	832.0 	0.0642 	
51 	1.67 	836.2 	0.0828 	
52 	1.68 	841.0 	0.0833 	
53 	1.69 	843.0 	0.0906 	
54 	1.70 	851.6 	0.0421 	
55 	1.71 	854.3 	0.0410 	
56 	1.72 	861.1 	0.0159 	
57 	1.73 	863.9 	0.0173 	
58 	1.85 	922.9 	0.0764 	
59 	1.85 	926.5 	0.1251 	
60 	1.86 	930.1 	0.0673 	
61 	1.87 	936.3 	0.0958 	
62 	1.88 	939.8 	0.0755 	
63 	1.89 	942.8 	0.0393 	
64 	1.98 	990.0 	0.0244 	
65 	1.99 	994.8 	0.0503 	
66 	2.00 	997.3 	0.0536 	
67 	2.00 	999.6 	0.0396 	
68 	2.01 	1002.2 	0.0316 	
69 	2.01 	1006.9 	0.0251 	
70 	2.02 	1011.9 	0.0431 	
71 	2.03 	1014.7 	0.0491 	
72 	2.04 	1020.3 	0.0524 	
73 	2.05 	1024.0 	0.0647 	
74 	2.05 	1026.5 	0.0536 	
75 	2.07 	1032.4 	0.0576 	
76 	2.07 	1034.9 	0.0827 	
77 	2.13 	1064.9 	1.0000 	
78 	2.15 	1075.1 	0.0328 	
79 	2.16 	1077.8 	0.0322 	
80 	2.18 	1088.7 	0.0656 	
81 	2.20 	1098.4 	0.0586 	
82 	2.20 	1100.1 	0.0626 	
83 	2.22 	1109.0 	0.0495 	
84 	2.24 	1120.0 	0.0625 	
85 	2.26 	1131.2 	0.0470 	
86 	2.27 	1133.3 	0.0484 	
87 	2.29 	1146.2 	0.0634 	
88 	2.30 	1148.1 	0.0723 	
89 	2.30 	1151.2 	0.0756 	
90 	2.31 	1152.8 	0.0725 	
91 	2.32 	1159.1 	0.0362 	
92 	2.32 	1161.1 	0.0394 	
93 	2.33 	1164.1 	0.0357 	
94 	2.33 	1165.8 	0.0340 	
95 	2.52 	1259.2 	0.0549 	
96 	2.54 	1268.1 	0.1189 	
97 	2.56 	1277.1 	0.0610 	
98 	3.51 	1753.9 	0.0197 	
99 	3.52 	1760.5 	0.0267 	
100 	3.53 	1764.9 	0.0416 	
101 	3.54 	1769.2 	0.0425 	
102 	3.56 	1780.2 	0.0210 	
103 	5.35 	2676.5 	0.0087 	
104 	5.36 	2681.6 	0.0109 	

Table of Multiplets
No. 	Shift1 (ppm) 	H's 	Type 	J (Hz) 	Atom1 	Multiplet1 	 (ppm)
1 	0.64 	3 	s 	- 	20 	M01 	[0.63 .. 0.66]
2 	1.02 	4 	s 	- 	5a, 19 	M02 	[0.96 .. 1.03]
3 	1.17 	3 	m 	- 	3, 7a, 15 	M11 	[1.06 .. 1.29]
4 	1.58 	10 	m 	- 	15, 9, 14, 10, 6a, 2 	M12 	[1.41 .. 1.74]
5 	1.87 	2 	m 	- 	16, 3 	M10 	[1.82 .. 1.90]
6 	2.02 	2 	m 	- 	14, 9 	M09 	[1.97 .. 2.08]
7 	2.13 	3 	s 	- 	23 	M03 	[2.12 .. 2.14]
8 	2.21 	2 	m 	- 	16, 11 	M08 	[2.15 .. 2.27]
9 	2.31 	1 	m 	- 	11 	M07 	[2.28 .. 2.34]
10 	2.54 	1 	t 	8.94 	17 	M06 	[2.51 .. 2.57]
11 	3.53 	1 	m 	- 	1 	M05 	[3.50 .. 3.58]
12 	5.36 	1 	m 	- 	13 	M04 	[5.34 .. 5.37]

Table of Assignments
No. 	Atom 	Exp. Shift (ppm) 	Multiplet
1 	20 	0.64 	M01
2 	5a 	1.02 	M02
3 	19 	1.02 	M02
4 	3 	1.17 	M11
5 	7a 	1.17 	M11
6 	15 	1.17 	M11
7 	15 	1.58 	M12
8 	9 	1.58 	M12
9 	14 	1.58 	M12
10 	10 	1.58 	M12
11 	6a 	1.58 	M12
12 	2 	1.58 	M12
13 	16 	1.87 	M10
14 	3 	1.87 	M10
15 	14 	2.02 	M09
16 	9 	2.02 	M09
17 	23 	2.13 	M03
18 	16 	2.21 	M08
19 	11 	2.21 	M08
20 	11 	2.31 	M07
21 	17 	2.54 	M06
22 	1 	3.53 	M05
23 	13 	5.36 	M04




# HMDB00253 (Pregnenolone) 2D HSQC Peaklist:
     #     F2[ppm]           F1[ppm]       Intensity

     1  5.3463          122.3530      8503024.00
     2  2.6338           64.7428      4956064.00
     3  2.2149           43.1526      2429920.00
     4  2.1397           23.9825      1593824.00
     5  2.1194           31.7778     14500976.00
     6  2.0712           40.0504      3129104.00
     7  2.0042           33.0108       638160.00
     8  1.8816           38.6584      1277552.00
     9  1.7954           32.3783      2311520.00
    10  1.7093           25.5057      2293232.00
    11  1.6628           23.9356      1486352.00
    12  1.6628           22.3360      2248032.00
    13  1.5873           33.0004      1465888.00
    14  1.5249           22.3360       976544.00
    15  1.5050           33.3262      2186416.00
    16  1.4799           32.3783      1840672.00
    17  1.5011           40.0507      1646912.00
    18  1.2254           25.7188      2213968.00
    19  1.2177           58.2057      2047360.00
    20  1.0932           38.7393      2599328.00
    21  1.0243           19.9820      5023840.00
    22  1.0110           51.7599      3547120.00
    23  0.6291           13.6687      2767584.00
    24  3.3938           72.3598

 


