# HMDB00247 (Sorbitol) HNMR Peaklists:
Table of Peaks
No.	(ppm)	(Hz)	Height
1	-0.000	-0.00	0.0895
2	3.599	1798.65	0.1256
3	3.605	1801.67	0.1273
4	3.611	1805.06	0.1514
5	3.622	1810.46	0.2009
6	3.632	1815.23	0.4627
7	3.635	1816.83	0.5449
8	3.644	1821.32	0.3553
9	3.655	1826.63	0.6233
10	3.667	1833.04	0.3500
11	3.718	1858.54	0.2564
12	3.724	1861.43	0.2652
13	3.742	1870.13	0.1833
14	3.748	1873.42	0.2357
15	3.752	1875.21	0.2254
16	3.758	1878.18	0.2207
17	3.765	1881.66	0.1716
18	3.770	1884.23	0.2490
19	3.774	1886.29	0.1926
20	3.781	1889.77	0.1154
21	3.787	1892.61	0.1504
22	3.810	1904.38	0.3377
23	3.816	1907.31	0.2819
24	3.838	1918.43	1.0000

Table of Assignments
No.	Atom	Exp. Shift (ppm)	Multiplet
1	7	3.630	M05
2	11	3.630	M05
3	2	3.630	M05
4	11	3.721	M04
5	5	3.764	M03
6	2	3.813	M02
7	9	3.838	M01
8	3	3.838	M01

Table of Multiplets
No.	Shift1 (ppm)	H's	Type	J (Hz)	Atom1	Multiplet1	 (ppm)
1	3.630	3	m	-	7, 11, 2	M05	[3.585 .. 3.676]
2	3.721	1	d	2.88	11	M04	[3.710 .. 3.731]
3	3.764	1	m	-	5	M03	[3.734 .. 3.795]
4	3.813	1	d	2.93	2	M02	[3.804 .. 3.821]
5	3.838	2	m	-	9, 3	M01	[3.821 .. 3.853]




# HMDB00247 (Sorbitol) CNMR Peaklist:



# HMDB00247 (Sorbitol) 2D HSQC Peaklist:
	#	F2[ppm]	F1[ppm]	Intensity
	1	3.8381	75.7720	807968.00
	2	3.8381	72.4950	933544.00
	3	3.8255	65.5621	247808.00
	4	3.7664	73.7880	513048.00
	5	3.7312	65.2277	258380.00
	6	3.6508	65.5398	251008.00
	7	3.6458	73.8326	605164.00
	8	3.6231	65.1831	347824.00

 


