# HMDB01442 (Prostaglandin E1) HNMR Peaklists:
Table of Peaks
No.	(ppm)	Height
1	0.84	0.0643
2	0.85	0.1542
3	0.86	0.0482
4	1.17	0.0069
5	1.19	0.0342
6	1.20	0.0342
7	1.20	0.0374
8	1.21	0.0326
9	1.21	0.0310
10	1.22	0.0308
11	1.22	0.0318
12	1.23	0.0442
13	1.24	0.0512
14	1.25	0.0422
15	1.25	0.0286
16	1.25	0.0290
17	1.26	0.0277
18	1.26	0.0208
19	1.27	0.0228
20	1.28	0.0139
21	1.28	0.0124
22	1.29	0.0119
23	1.30	0.0083
24	1.30	0.0118
25	1.31	0.0128
26	1.32	0.0122
27	1.32	0.0124
28	1.32	0.0135
29	1.33	0.0117
30	1.33	0.0110
31	1.34	0.0108
32	1.35	0.0099
33	1.35	0.0100
34	1.36	0.0108
35	1.37	0.0064
36	1.37	0.0067
37	1.38	0.0088
38	1.39	0.0086
39	1.40	0.0078
40	1.40	0.0078
41	1.40	0.0084
42	1.40	0.0095
43	1.41	0.0078
44	1.41	0.0087
45	1.42	0.0093
46	1.43	0.0099
47	1.43	0.0169
48	1.44	0.0310
49	1.46	0.0341
50	1.47	0.0209
51	1.48	0.0067
52	1.96	0.0062
53	1.96	0.0063
54	1.97	0.0121
55	1.97	0.0122
56	1.98	0.0125
57	1.98	0.0124
58	1.99	0.0147
59	1.99	0.0148
60	2.00	0.0264
61	2.01	0.0232
62	2.03	0.0250
63	2.04	0.0252
64	2.15	0.0480
65	2.16	0.0878
66	2.18	0.0434
67	2.21	0.0096
68	2.23	0.0162
69	2.23	0.0093
70	2.24	0.0116
71	2.25	0.0137
72	2.26	0.0089
73	2.53	0.0127
74	2.53	0.0129
75	2.54	0.0140
76	2.54	0.0138
77	2.56	0.0130
78	2.56	0.0123
79	2.57	0.0122
80	2.57	0.0114
81	3.87	0.0086
82	3.88	0.0215
83	3.89	0.0212
84	3.90	0.0112
85	3.92	0.0121
86	3.93	0.0118
87	3.95	0.0039
88	5.44	0.0129
89	5.45	0.0054
90	5.46	0.0524
91	5.47	0.0575
92	5.49	0.0418
93	5.50	0.0056
94	5.51	0.0108

Table of Multiplets
No.	Shift1 (ppm)	H's	Type	Atom1	Multiplet1	(ppm)
1	0.85	3	t	24	M10	[0.82 .. 0.88]
2	1.20	16	m	11, 12, 13, 14, 20, 21, 22, 23	M09	[1.15 .. 1.42]
3	1.43	2	m	15	M08	[1.42 .. 1.49]
4	1.96	1	m	3	M07	[1.95 .. 2.00]
5	2.00	1	dd	5	M06	[2.00 .. 2.06]
6	2.16	2	m	16	M05	[2.14 .. 2.19]
7	2.21	1	s	2	M04	[2.20 .. 2.27]
8	2.53	1	ddd	5	M03	[2.52 .. 2.58]
9	3.87	2	m	9, 1	M02	[3.86 .. 3.96]
10	5.47	2	m	7, 8	M01	[5.43 .. 5.52]

Table of Assignments
No.	Atom	Exp. Shift (ppm)	Multiplet
1	24	0.85	M10
2	11	1.20	M09
3	12	1.20	M09
4	13	1.20	M09
5	14	1.20	M09
6	20	1.20	M09
7	21	1.20	M09
8	22	1.20	M09
9	23	1.20	M09
10	15	1.43	M08
11	3	1.96	M07
12	5	2.00	M06
13	16	2.16	M05
14	2	2.21	M04
15	5	2.53	M03
16	9	3.87	M02
17	1	3.87	M02
18	7	5.47	M01
19	8	5.47	M01


 


# HMDB01442 (Prostaglandin E1) 2D HSQC Peaklist:
     #      F2[ppm]          F1[ppm]       Intensity 
     1      5.4738          136.1022      3350443.56
     2      5.4718          130.1012      3299714.06
     3      3.9305           70.7180      4500338.44
     4      3.8877           71.0375      5222142.00
     5      2.5465           46.4689       340900.63
     6      2.2411           53.1137      3678432.81
     7      2.1625           33.5216      8898614.19
     8      2.0175           46.4692       820603.56
     9      1.9884           53.1143      4304423.00
    10      1.4551           24.2289      6409493.38
    11      1.4470           26.8845      2107475.13
    12      1.4140           37.1759      2301515.69
    13      1.3794           26.8830      2061166.94
    14      1.3397           37.1759      2083931.25
    15      1.3164           25.8880      1595928.06
    16      1.2855           24.5568      1523927.75
    17      1.2504           21.9052      4010360.81
    18      1.2359           24.5561      2903056.00
    19      1.2318           31.1955      4470593.06
    20      1.2320           28.2082      2939455.50
    21      1.1966           25.8887      2577046.94
    22      1.1840           28.8702      3680106.25
    23      0.8500           13.6072      1515209.13

 


