# HMDB00015 (Cortexolone) HNMR Peaklists:
Table of Peaks

No. 	(ppm) 	(Hz) 	Height
1 	5.73 	2865.7 	0.1337 	
2 	4.33 	2164.9 	0.0508 	
3 	4.32 	2160.2 	0.0486 	
4 	4.29 	2145.2 	0.0476 	
5 	4.28 	2140.3 	0.0396 	
6 	3.09 	1546.9 	0.0797 	
7 	3.09 	1542.1 	0.1529 	
8 	3.08 	1537.2 	0.0707 	
9 	2.71 	1357.0 	0.0446 	
10 	2.71 	1354.0 	0.0460 	
11 	2.69 	1345.4 	0.0568 	
12 	2.69 	1342.2 	0.0894 	
13 	2.68 	1339.0 	0.0551 	
14 	2.66 	1330.4 	0.0518 	
15 	2.66 	1327.5 	0.0482 	
16 	2.46 	1227.7 	0.0313 	
17 	2.45 	1222.6 	0.0372 	
18 	2.44 	1217.7 	0.0368 	
19 	2.43 	1216.2 	0.0386 	
20 	2.42 	1210.8 	0.0983 	
21 	2.41 	1205.4 	0.1036 	
22 	2.39 	1196.7 	0.1307 	
23 	2.38 	1191.2 	0.1056 	
24 	2.37 	1184.1 	0.1196 	
25 	2.36 	1180.3 	0.1203 	
26 	2.35 	1176.2 	0.0911 	
27 	2.34 	1167.2 	0.0467 	
28 	2.33 	1163.3 	0.0552 	
29 	2.32 	1159.2 	0.0437 	
30 	2.30 	1151.4 	0.1007 	
31 	2.28 	1139.2 	0.0577 	
32 	2.27 	1136.9 	0.0680 	
33 	2.21 	1106.3 	0.3217 	
34 	2.05 	1024.7 	0.0469 	
35 	2.04 	1021.2 	0.0652 	
36 	2.03 	1016.7 	0.0487 	
37 	2.02 	1011.3 	0.0623 	
38 	2.02 	1007.9 	0.0748 	
39 	2.01 	1003.4 	0.0522 	
40 	1.88 	941.3 	0.0672 	
41 	1.88 	939.0 	0.0622 	
42 	1.87 	935.2 	0.0738 	
43 	1.86 	931.6 	0.0833 	
44 	1.86 	928.0 	0.1011 	
45 	1.85 	925.7 	0.1051 	
46 	1.84 	919.3 	0.0651 	
47 	1.83 	915.3 	0.0802 	
48 	1.81 	906.1 	0.0512 	
49 	1.81 	903.2 	0.0477 	
50 	1.76 	878.3 	0.0768 	
51 	1.74 	870.2 	0.1371 	
52 	1.73 	867.0 	0.2081 	
53 	1.72 	859.3 	0.1366 	
54 	1.71 	854.9 	0.1797 	
55 	1.70 	849.0 	0.1340 	
56 	1.68 	840.5 	0.1098 	
57 	1.67 	836.0 	0.1132 	
58 	1.66 	829.0 	0.0937 	
59 	1.65 	825.2 	0.1221 	
60 	1.64 	821.5 	0.0869 	
61 	1.64 	817.5 	0.1154 	
62 	1.63 	813.9 	0.1033 	
63 	1.62 	810.9 	0.0938 	
64 	1.61 	804.8 	0.1368 	
65 	1.61 	802.5 	0.1294 	
66 	1.59 	793.8 	0.4256 	
67 	1.57 	786.6 	0.0812 	
68 	1.56 	780.3 	0.0736 	
69 	1.46 	728.3 	0.0815 	
70 	1.45 	724.3 	0.1154 	
71 	1.43 	717.2 	0.0816 	
72 	1.43 	712.9 	0.2280 	
73 	1.41 	705.9 	0.0985 	
74 	1.40 	701.1 	0.1125 	
75 	1.39 	694.0 	0.0843 	
76 	1.38 	688.1 	0.0863 	
77 	1.37 	684.2 	0.0425 	
78 	1.36 	682.1 	0.0460 	
79 	1.35 	675.9 	0.0307 	
80 	1.18 	592.2 	1.0000 	
81 	1.15 	574.8 	0.0467 	
82 	1.14 	570.5 	0.0455 	
83 	1.12 	561.7 	0.0667 	
84 	1.12 	558.3 	0.0661 	
85 	1.10 	549.4 	0.0608 	
86 	1.09 	545.7 	0.0604 	
87 	1.07 	536.6 	0.0331 	
88 	1.07 	532.4 	0.0298 	
89 	1.00 	501.6 	0.0496 	
90 	1.00 	497.6 	0.0504 	
91 	0.98 	490.2 	0.0753 	
92 	0.97 	486.6 	0.0755 	
93 	0.96 	479.0 	0.0464 	
94 	0.95 	475.1 	0.0424 	
95 	0.71 	354.2 	0.9395 	


Table of Multiplets

No. 	Shift1 (ppm) 	H's 	Type 	J (Hz) 	Atom1 	Multiplet1 	 (ppm)
1 	5.73 	1 	s 	- 	13 	M01 	[5.71 .. 5.76]
2 	4.31 	1 	dd 	19.86, 4.80 	24 	M02 	[4.25 .. 4.37]
3 	3.09 	2 	t 	4.87 	25 	M03 	[3.02 .. 3.15]
4 	2.69 	3 	ddd 	14.87, 11.69, 2.91 	8 	M04 	[2.63 .. 2.75]
5 	2.37 	13 	m 	- 	11, 15 	M05 	[2.24 .. 2.48]
6 	2.03 	3 	m 	- 	16 	M06 	[1.98 .. 2.08]
7 	1.85 	7 	m 	- 	9, 10 	M07 	[1.79 .. 1.92]
8 	1.66 	25 	m 	- 	8, 3, 5, 16, 2, 6 	M08 	[1.53 .. 1.78]
9 	1.40 	10 	m 	- 	9, 5, 6 	M09 	[1.31 .. 1.48]
10 	1.18 	8 	s 	- 	23 	M10 	[1.17 .. 1.21]
11 	1.11 	4 	m 	- 	10 	M11 	[1.05 .. 1.16]
12 	0.98 	3 	ddd 	11.29, 3.96 	4 	M12 	[0.94 .. 1.03]
13 	0.71 	8 	s 	- 	18 	M13 	[0.69 .. 0.74]


Table of Assignments

No. 	Atom 	Exp. Shift (ppm) 	Multiplet
1 	13 	5.73 	M01
2 	24 	4.31 	M02
3 	25 	3.09 	M03
4 	8 	2.69 	M04
5 	15 	2.37 	M05
6 	11 	2.37 	M05
7 	16 	2.03 	M06
8 	10 	1.85 	M07
9 	9 	1.85 	M07
10 	5 	1.66 	M08
11 	16 	1.66 	M08
12 	2 	1.66 	M08
13 	6 	1.66 	M08
14 	3 	1.66 	M08
15 	8 	1.66 	M08
16 	6 	1.40 	M09
17 	5 	1.40 	M09
18 	9 	1.40 	M09
19 	23 	1.18 	M10
20 	10 	1.11 	M11
21 	4 	0.98 	M12
22 	18 	0.71 	M13




# HMDB00015 (Cortexolone) 2D HSQC Peaklist:
	#	F2[ppm]	F1[ppm]	Intensity
	1	5.7379	124.0505	21334210.69
	2	4.6913	67.3933	8350197.13
	3	4.6573	67.3933	5712581.88
	4	4.3295	67.3933	10873115.13
	5	4.2955	67.3933	9371173.56
	6	2.6950	34.6376	7430936.44
	7	2.4189	34.0738	6761314.75
	8	2.4080	32.9464	8356514.63
	9	2.3499	33.8859	4079603.06
	10	2.2918	32.7585	5063528.44
	11	2.0339	35.7024	5032413.63
	12	1.8778	32.0069	4913152.38
	13	1.8414	23.7390	3798781.25
	14	1.7543	30.1278	6655930.31
	15	1.7325	50.3591	3571950.31
	16	1.7107	35.7650	5686890.94
	17	1.6671	20.6072	6338302.94
	18	1.6235	35.7024	3876796.50
	19	1.6054	34.6376	5176607.00
	20	1.4455	30.1904	6475294.13
	21	1.4201	20.6698	3035428.06
	22	1.3983	23.7390	4497078.25
	23	1.1877	17.4127	12039994.69
	24	1.1005	32.0069	5919530.56
	25	0.9770	53.3030	10343708.00
	26	0.7082	15.0952	3578810.00

 


