# HMDB00667 (L-Thyronine) HNMR Peaklists:
Table of Peaks
No.	(ppm)	Height
1	2.79	0.0419
2	2.80	0.0458
3	2.81	0.0509
4	2.82	0.0512
5	3.07	0.0503
6	3.08	0.0538
7	3.10	0.0469
8	3.10	0.0464
9	3.34	0.1109
10	3.35	0.1142
11	3.36	0.1104
12	3.37	0.0976
13	6.76	0.2003
14	6.77	0.0840
15	6.77	0.1090
16	6.78	0.2993
17	6.79	0.2127
18	6.81	0.2219
19	6.83	0.2868
20	6.84	0.0966
21	6.84	0.0887
22	6.85	0.1866
23	7.19	0.2158
24	7.21	0.2024

Table of Multiplets
No.	Shift1 (ppm)	H's	Type	J (Hz)		Atom1		Multiplet1	 (ppm)
1	2.80		1	m	-		15		M07		[2.76 .. 2.85]
2	3.08		1	d	4.35		15		M06		[3.03 .. 3.15]
3	3.35		1	dd	8.28, 4.48	16		M05		[3.18 .. 3.53]
4	6.77		2	d	-		5, 3		M04		[6.74 .. 6.78]
5	6.80		2	d	8.58		13, 9		M03		[6.78 .. 6.82]
6	6.84		2	d	-		6, 2		M02		[6.82 .. 6.87]
7	7.20		2	d	8.58		12, 10		M01		[7.17 .. 7.23]

Table of Assignments
No.	Atom	Exp. Shift (ppm)		Multiplet
1	15		2.80		M07
2	15		3.08		M06
3	16		3.35		M05
4	5		6.77		M04
5	3		6.77		M04
6	13		6.80		M03
7	9		6.80		M03
8	6		6.84		M02
9	2		6.84		M02
10	12		7.20		M01
11	10		7.20		M01


 


# HMDB00667 (L-Thyronine) 2D HSQC Peaklist:
     #   F2[ppm]           F1[ppm]       Intensity       
     1   7.1985          130.4631      5665874.56
     2   7.1554          130.4631      1427796.31
     3   6.8362          120.4966      4483857.38
     4   6.7982          116.8479      5037991.42
     5   6.7750          120.4971      1390735.80
     6   6.7668          115.9844      3680131.45
     7   6.7167          115.8657       927619.84
     8   3.3490           55.4397      2640853.39
     9   3.0900           35.8539      1058989.69
    10   2.8037           35.8539      1045850.89
    11   2.4990           39.5014      3970944.67
    12   2.4567           39.5014       971860.72

 


