# HMDB00206 (N6-Acetyl-L-lysine) HNMR Peaklists:
Table of Peaks
No.	(ppm)	(Hz)	Height
1	1.36	812.8	0.0106	
2	1.36	817.5	0.0213	
3	1.37	823.5	0.0318	
4	1.38	829.2	0.0357	
5	1.39	834.2	0.0436	
6	1.41	842.8	0.0553	
7	1.42	849.4	0.0523	
8	1.43	859.8	0.0381	
9	1.45	866.8	0.0303	
10	1.46	872.9	0.0170	
11	1.47	880.0	0.0087	
12	1.54	920.6	0.0396	
13	1.55	927.8	0.1086	
14	1.56	934.8	0.1363	
15	1.57	941.9	0.0859	
16	1.59	950.3	0.0259	
17	1.82	1089.3	0.0102	
18	1.83	1095.6	0.0184	
19	1.84	1103.7	0.0377	
20	1.85	1110.1	0.0525	
21	1.86	1116.7	0.0604	
22	1.87	1122.8	0.0745	
23	1.88	1128.2	0.0690	
24	1.89	1133.6	0.0579	
25	1.90	1139.2	0.0365	
26	1.92	1147.9	0.0192	
27	1.92	1153.7	0.0097	
28	1.99	1191.0	1.0000	
29	3.18	1903.4	0.0837	
30	3.19	1910.0	0.2050	
31	3.20	1916.1	0.1894	
32	3.21	1922.6	0.0721	
33	3.73	2234.8	0.0986	
34	3.74	2240.8	0.1616	
35	3.75	2247.0	0.1012	

Table of Multiplets
No.	Shift1 (ppm)	H's	Type	J (Hz)	Atom1	Multiplet1	(ppm)
1	3.74	1	t	6.10	4	M01	[3.69 .. 3.78]
2	1.56	2	m	-	8	M05	[1.51 .. 1.62]
3	1.87	2	m	-	6	M04	[1.79 .. 1.95]
4	1.41	2	m	-	7	M06	[1.34 .. 1.48]
5	3.19	2	q	6.61	9	M02	[3.16 .. 3.23]
6	1.99	3	s	-	13	M03	[1.97 .. 2.01]


Table of Assignments
No.	Atom	Exp. Shift (ppm)	Multiplet
1	7	1.41	M06
2	8	1.56	M05
3	6	1.87	M04
4	13	1.99	M03
5	9	3.19	M02
6	4	3.74	M01




Table of Peaks
No.	(ppm)	(Hz)	Height
1	1.320	792.67	0.0046
2	1.334	801.03	0.0085
3	1.342	805.71	0.0157
4	1.352	811.71	0.0232
5	1.357	814.68	0.0223
6	1.360	816.44	0.0239
7	1.362	817.76	0.0260
8	1.370	822.16	0.0270
9	1.375	825.18	0.0243
10	1.380	828.71	0.0227
11	1.385	831.46	0.0253
12	1.395	837.34	0.0273
13	1.405	843.40	0.0261
14	1.410	846.31	0.0238
15	1.416	849.89	0.0271
16	1.422	853.74	0.0254
17	1.433	860.34	0.0245
18	1.438	863.42	0.0109
19	1.443	866.39	0.0133
20	1.455	873.66	0.0080
21	1.519	912.17	0.0307
22	1.532	919.60	0.0882
23	1.543	926.59	0.1085
24	1.555	933.57	0.0652
25	1.558	935.33	0.0555
26	1.567	940.45	0.0172
27	1.569	942.21	0.0205
28	1.807	1084.66	0.0079
29	1.817	1090.71	0.0130
30	1.831	1098.96	0.0295
31	1.841	1105.46	0.0419
32	1.847	1109.09	0.0564
33	1.851	1111.12	0.0390
34	1.857	1115.08	0.0825
35	1.867	1120.53	0.0558
36	1.874	1125.15	0.0492
37	1.884	1130.93	0.0282
38	1.889	1133.79	0.0140
39	1.898	1139.46	0.0142
40	1.908	1145.34	0.0067
41	1.976	1186.22	1.0000
42	3.158	1896.03	0.0602
43	3.170	1902.80	0.1522
44	3.180	1908.85	0.1386
45	3.191	1915.51	0.0546
46	3.723	2235.28	0.0867
47	3.733	2241.12	0.1320
48	3.734	2241.78	0.1330
49	3.744	2247.50	0.0887
50	8.010	4808.39	0.0164

Table of Multiplets
No.	Shift1 (ppm)	H's	Type	J (Hz)	Atom1	Multiplet1	(ppm)
1	1.39		2	m	-	7	M07		[1.31 .. 1.47]
2	1.54		2	m	-	8	M06		[1.50 .. 1.60]
3	1.86		2	m	-	6	M05		[1.80 .. 1.91]
4	1.98		3	s	-	13	M04		[1.96 .. 1.99]
5	3.17		2	m	-	9	M03		[3.15 .. 3.20]
6	3.73		1	dd    6.44, 5.78	4	M02		[3.72 .. 3.75]
7	8.01		2	br. s.	-		M01		[7.96 .. 8.05]

Table of Assignments
No.	Atom	Exp. Shift (ppm)	Multiplet
1	7	1.39		M07
2	8	1.54		M06
3	6	1.86		M05
4	13	1.98		M04
5	9	3.17		M03
6	4	3.73		M02
 


# HMDB00206 (N6-Acetyl-L-lysine) 2D HSQC Peaklist:
     #     F2[ppm]           F1[ppm]       Intensity       

     1    3.7342           57.4338      4439316.00
     2    3.1738           41.8411      5484934.00
     3    1.9764           24.5967     11321567.00
     4    1.8542           32.8402      3182242.00
     5    1.5422           30.5384      3648677.00
     6    1.3862           24.3023      1144429.00

 


