# HMDB01514 (Glucosamine) HNMR Peaklists:
Table of Peaks
No.	(ppm)	(Hz)	Height
1	2.900	1740.82	0.0569
2	2.913	1748.75	0.0557
3	2.926	1756.67	0.0556
4	2.946	1768.55	0.1204
5	2.960	1776.92	0.1234
6	2.964	1779.12	0.1527
7	2.977	1787.48	0.1270
8	3.255	1954.30	0.1496
9	3.261	1957.82	0.1585
10	3.273	1964.86	0.1594
11	3.279	1968.38	0.1681
12	3.455	2074.02	0.0881
13	3.471	2083.71	0.2013
14	3.478	2088.11	0.1545
15	3.486	2092.51	0.1660
16	3.494	2097.79	0.2772
17	3.510	2107.03	0.1763
18	3.527	2117.16	0.0871
19	3.532	2120.24	0.0812
20	3.535	2122.44	0.0830
21	3.543	2126.84	0.0539
22	3.549	2130.36	0.0511
23	3.552	2132.56	0.0526
24	3.709	2226.76	0.1304
25	3.726	2236.88	0.1626
26	3.741	2246.12	0.1114
27	3.747	2249.64	0.1024
28	3.757	2255.37	0.0904
29	3.769	2262.41	0.1169
30	3.777	2267.69	0.1147
31	3.786	2272.97	0.0726
32	3.794	2277.81	0.0901
33	3.807	2285.30	0.1565
34	3.815	2290.14	0.2037
35	3.840	2305.54	0.2406
36	3.862	2318.31	0.2068
37	3.870	2323.15	0.2620
38	3.879	2328.43	0.1067
39	3.887	2333.27	0.3203
40	3.894	2337.68	0.1485
41	3.898	2339.88	0.1524
42	3.903	2342.96	0.1709
43	3.915	2350.44	0.0951
44	3.918	2352.20	0.1022
45	4.939	2965.34	0.1852
46	4.954	2974.14	0.1898
47	5.472	3284.89	0.2961
48	5.478	3288.42	0.3218


Table of Experiment Metadata
Glucosamine 
1DNMR spectrum:600MHz in H2O
Sample: 25mM at PH 7.0
Reference to DSS



Table of Assignments
No.	Atom	Multiplet
1	3	M08
2	15	M07
3	17	M06
4	5	M06
5	6	M05
6	4	M04
7	23	M03
8	11	M03
9	18	M03
10	16	M03
11	2	M02
12	14	M01

Table of Multiplets
No.	H's	Type	J (Hz)	Atom1	Multiplet1	(ppm)
1	1	dd	10.56, 8.36	3	M08	[2.94 .. 2.99]
2	2	dd	10.56, 3.52	15	M07	[3.24 .. 3.30]
3	2	m	-	17, 5	M06	[3.45 .. 3.52]
4	1	m	-	6	M05	[3.52 .. 3.57]
5	1	dd	9.24	4	M04	[3.70 .. 3.74]
6	6	m	-	23, 11, 18, 16	M03	[3.74 .. 3.93]
7	1	d	8.80	2	M02	[4.92 .. 5.01]
8	2	d	3.52	14	M01	[5.43 .. 5.54]


 


# HMDB01514 (Glucosamine) 2D HSQC Peaklist:

           F2[ppm]           F1[ppm]     Intensity       

     1     4.9687           95.9282      3361582.00
     2     5.4981           92.0975      4873292.00
     3     3.5584           78.9293      1652324.00
     4     3.7450           75.0188      2853718.00
     5     3.8969           74.4601      2828166.00
     6     3.9055           72.6245      4034530.00
     7     3.5063           72.3053      3968648.00
     8     3.9272           63.2871      1080796.00
     9     3.8708           63.0477      1230538.00
    10     3.8101           63.1275      1600870.00
    11     2.9812           59.8554      2869996.00
    12     3.2893           57.3016      2862624.00

 


