# HMDB00305 (Vitamin A) HNMR Peaklists:
Table of Peaks
No.	(ppm)	Height
1	1.02	0.0520
2	1.45	0.0101
3	1.45	0.0105
4	1.46	0.0139
5	1.46	0.0141
6	1.46	0.0143
7	1.47	0.0129
8	1.48	0.0136
9	1.59	0.0085
10	1.60	0.0111
11	1.61	0.0115
12	1.62	0.0100
13	1.63	0.0080
14	1.71	0.0265
15	1.87	0.0224
16	1.96	0.0228
17	2.00	0.0071
18	2.02	0.0086
19	2.03	0.0054
20	4.31	0.0070
21	4.32	0.0069
22	5.68	0.0019
23	5.69	0.0029
24	5.70	0.0016
25	6.09	0.0049
26	6.11	0.0038
27	6.12	0.0058
28	6.16	0.0043
29	6.18	0.0020
30	6.28	0.0029
31	6.30	0.0032
32	6.59	0.0017
33	6.61	0.0017
34	6.62	0.0016
35	6.64	0.0013

Table of Multiplets
No.	Shift1 (ppm)	H's	Type	Atom1		Multiplet1	(ppm)
1	1.02		6	s	7, 8		M12		[1.01 .. 1.04]
2	1.45		2	m	2		M11		[1.43 .. 1.49]
3	1.59		2	m	1		M10		[1.58 .. 1.64]
4	1.71		3	s	19		M09		[1.69 .. 1.72]
5	1.87		3	s	20		M08		[1.86 .. 1.88]
6	1.96		3	s	21		M07		[1.95 .. 1.97]
7	2.00		2	m	6		M06		[1.98 .. 2.05]
8	4.31		2	d	17		M05		[4.29 .. 4.35]
9	5.68		0	t	16		M04		[5.66 .. 5.72]
10	6.09		3	m	12, 10, 9	M03		[6.06 .. 6.20]
11	6.28		0	d	14		M02		[6.25 .. 6.32]
12	6.59		0	dd	13		M01		[6.57 .. 6.66]

Table of Assignments
No.	Atom	Exp. Shift (ppm)	Multiplet
1	7	1.02		M12
2	8	1.02		M12
3	2	1.45		M11
4	1	1.59		M10
5	19	1.71		M09
6	20	1.87		M08
7	21	1.96		M07
8	6	2.00		M06
9	17	4.31		M05
10	16	5.68		M04
11	12	6.09		M03
12	10	6.09		M03
13	9	6.09		M03
14	14	6.28		M02
15	13	6.59		M01


 


# HMDB00305 (Vitamin A) 2D HSQC Peaklist:
     #   F2[ppm]           F1[ppm]       Intensity
     1   6.6136          125.1502       668943.13
     2   6.2867          136.2722       144321.81
     3   6.1556          126.8147       639506.63
     4   6.1206          137.7567       702506.19
     5   6.1004          130.1269       659304.81
     6   5.6922          129.8013       935450.81
     7   4.3132           59.5800      1539018.25
     8   2.0120           32.8661      2061424.50
     9   1.8992           12.7519       686739.56
    10   1.7101           21.5763      3227397.31
    11   1.6101           19.2489      2221863.13
    12   1.4632           39.5040      2868220.13
    13   1.0060           28.8789      3143282.56

 


