# HMDB00182 (L-Lysine) HNMR Peaklists:
Table of Peaks
No.	(ppm)	(Hz)	Height
1	1.41	846.3	0.0156
2	1.41	846.8	0.0314
3	1.41	847.2	0.0393
4	1.41	847.7	0.0514
5	1.41	847.8	0.0420
6	1.42	853.4	0.0559
7	1.43	856.3	0.0414
8	1.43	858.0	0.0512
9	1.43	859.9	0.0404
10	1.44	864.0	0.1007
11	1.45	870.8	0.0534
12	1.46	872.9	0.1040
13	1.47	881.5	0.0493
14	1.47	882.1	0.0544
15	1.47	882.5	0.0531
16	1.48	889.6	0.0515
17	1.49	892.1	0.0433
18	1.50	896.6	0.0357
19	1.50	900.8	0.0552
20	1.50	901.4	0.0536
21	1.50	901.7	0.0513
22	1.52	912.9	0.0573
23	1.53	920.4	0.0301
24	1.69	1012.6	0.1760
25	1.70	1020.2	0.3853
26	1.70	1021.1	0.3390
27	1.71	1027.6	0.4606
28	1.73	1035.2	0.3058
29	1.74	1043.0	0.0985
30	1.74	1043.5	0.1040
31	1.85	1111.7	0.0603
32	1.87	1119.8	0.1256
33	1.88	1126.2	0.3211
34	1.88	1129.8	0.1625
35	1.89	1132.3	0.3291
36	1.89	1135.9	0.2927
37	1.89	1136.4	0.3216
38	1.90	1136.7	0.3133
39	1.90	1138.2	0.2151
40	1.91	1142.6	0.3305
41	1.92	1148.7	0.1179
42	3.00	1801.4	0.6964
43	3.02	1809.1	1.0000
44	3.03	1816.6	0.6524
45	3.74	2240.3	0.3468
46	3.75	2246.4	0.6259
47	3.76	2252.5	0.3484

Table of Multiplets
No.	Shift1 (ppm)	H's	Type	J (Hz)	Atom1	Multiplet1	 (ppm)
1	1.46	1	m	-	7	M05	[1.38 .. 1.55]
2	1.72	2	m	-	8	M04	[1.67 .. 1.75]
3	1.89	2	m	-	6	M03	[1.83 .. 1.95]
4	3.02	2	t	7.58	9	M02	[3.00 .. 3.04]
5	3.02	2	t	7.58	9	M02	[3.00 .. 3.04]
6	3.75	2	t	6.11	4	M01	[3.72 .. 3.77]
7	3.75	2	t	6.11	4	M01	[3.72 .. 3.77]

Table of Assignments
No.	Atom	Exp. Shift (ppm)	Multiplet
1	7	1.46	M05
2	8	1.72	M04
3	6	1.89	M03
4	9	3.02	M02
5	4	3.75	M01

 


# HMDB00182 (L-Lysine) CNMR Peaklist:



# HMDB00182 (L-Lysine) 2D HSQC Peaklist:
	#	F2[ppm]	F1[ppm]	Intensity
	1	3.7466	57.4527	9599026.50
	2	3.0175	42.1193	12508279.50
	3	1.8841	32.6543	7765090.50
	4	1.7181	29.1523	8756286.50
	5	1.4925	24.0412	1994131.00
	6	1.4300	24.0412


 


