# HMDB02712 (1,5-Anhydrosorbitol) HNMR Peaklists:
Table of Peaks
No. 	(ppm) 	(Hz) 	Height
1 	3.24 	1620.4 	0.3147 	
2 	3.26 	1631.3 	0.6730 	
3 	3.29 	1642.2 	0.3990 	
4 	3.34 	1667.3 	0.8092 	
5 	3.35 	1672.4 	1.0000 	
6 	3.41 	1703.6 	0.2298 	
7 	3.43 	1712.6 	0.3960 	
8 	3.44 	1721.4 	0.2122 	
9 	3.56 	1778.0 	0.1966 	
10 	3.57 	1783.4 	0.2285 	
11 	3.58 	1788.4 	0.2586 	
12 	3.59 	1793.6 	0.2746 	
13 	3.60 	1797.6 	0.1703 	
14 	3.61 	1803.1 	0.1547 	
15 	3.66 	1830.2 	0.2145 	
16 	3.67 	1833.8 	0.2152 	
17 	3.68 	1841.7 	0.2757 	
18 	3.69 	1846.7 	0.2496 	
19 	3.86 	1930.5 	0.4632 	
20 	3.89 	1942.7 	0.3347 	
21 	3.95 	1975.9 	0.2727 	
22 	3.96 	1981.3 	0.2672 	
23 	3.98 	1987.1 	0.2707 	
24 	3.99 	1992.5 	0.2557 	

Table of Multiplets
No. 	Shift1 (ppm) 	H's 	Type 	J (Hz) 	Atom1 	Multiplet1 	 (ppm)
1 	3.97 	1 	dd 	11.19, 5.38 	2 	M01 	[3.94 .. 3.99]
2 	3.87 	1 	d 	12.17 	10 	M02 	[3.85 .. 3.90]
3 	3.68 	1 	dd 	12.22, 4.26 	10 	M03 	[3.65 .. 3.70]
4 	3.58 	2 	m 	- 	3 	M04 	[3.55 .. 3.62]
5 	3.43 	2 	m 	- 	4 	M06 	[3.40 .. 3.45]
6 	3.34 	3 	m 	- 	6, 5 	M07 	[3.32 .. 3.36]
7 	3.26 	2 	t 	10.91 	2 	M05 	[3.23 .. 3.30]

Table of Assignments
No. 	Atom 	Exp. Shift (ppm) 	Multiplet
1 	2 	3.26 	M05
2 	6 	3.34 	M07
3 	5 	3.34 	M07
4 	4 	3.43 	M06
5 	3 	3.58 	M04
6 	10 	3.68 	M03
7 	10 	3.87 	M02
8 	2 	3.97 	M01




# HMDB02712 (1,5-Anhydrosorbitol) 2D HSQC Peaklist:
     # F2[ppm]           F1[ppm]       Intensity       
     1  3.9777           71.4620      4256921.00
     2  3.8718           63.6374      2412624.00
     3  3.6903           63.6374      3675396.00
     4  3.5920           72.1080      5789132.00
     5  3.4446           80.2915      6217367.00
     6  3.3500           82.9834      9929625.00
     7  3.3500           72.3952      8169682.00
     8  3.2706           71.4620      5493189.00

 


