# HMDB00660 (D-Fructose) HNMR Peaklists:
Table of Peaks
No.	(ppm)	(Hz)	Height
1	3.55	2126.9	0.0503
2	3.56	2133.7	0.2703
3	3.57	2139.0	0.1206
4	3.58	2145.5	0.3399
5	3.59	2154.0	0.1106
6	3.61	2166.1	0.0423
7	3.66	2194.5	0.0429
8	3.66	2196.4	0.0475
9	3.67	2198.7	0.0395
10	3.68	2204.7	0.0459
11	3.69	2210.9	0.0573
12	3.69	2213.3	0.0298
13	3.70	2217.0	0.1880
14	3.70	2218.9	0.1688
15	3.71	2223.9	0.3355
16	3.72	2229.9	0.1684
17	3.72	2231.7	0.1766
18	3.73	2235.6	0.2595
19	3.80	2274.8	0.2786
20	3.80	2278.9	0.0690
21	3.81	2284.8	0.3717
22	3.82	2290.5	0.0815
23	3.83	2293.2	0.0369
24	3.83	2296.8	0.0318
25	3.84	2299.4	0.0397
26	3.84	2302.7	0.0368
27	3.89	2332.7	0.1934
28	3.90	2336.1	0.2075
29	3.91	2342.7	0.1300
30	3.91	2346.1	0.1522
31	4.00	2398.8	0.1686
32	4.00	2400.5	0.1928
33	4.01	2402.0	0.1662
34	4.01	2403.7	0.1156
35	4.02	2408.2	0.2072
36	4.02	2409.5	0.1673
37	4.04	2420.9	0.1692
38	4.04	2422.2	0.1551
39	4.11	2466.3	0.1342
40	4.12	2470.1	0.1649

Table of Multiplets
No.	Shift1 (ppm)	H's	Type	J (Hz)	Atom1	Multiplet1	 (ppm)
1	3.58	2	m	-	7	M07	[3.54 .. 3.62]
2	3.69	3	m	-	11, 7	M06	[3.66 .. 3.74]
3	3.80	1	m	-	3, 11, 5	M05	[3.79 .. 3.85]
4	3.90	1	dd	10.00, 3.46	4	M04	[3.88 .. 3.92]
5	4.00	1	t	1.70	5	M03	[4.00 .. 4.01]
6	4.03	1	dd	12.74, 1.26	11	M02	[4.01 .. 4.05]
7	4.12	1	d	3.79	4, 3	M01	[4.11 .. 4.13]

Table of Assignments
No.	Atom	Exp. Shift (ppm)	Multiplet
1	7	3.58	M07
2	11	3.69	M06
3	7	3.69	M06
4	3	3.80	M05
5	11	3.80	M05
6	5	3.80	M05
7	4	3.90	M04
8	5	4.00	M03
9	11	4.03	M02
10	4	4.12	M01
11	3	4.12	M01




# HMDB00660 (D-Fructose) CNMR Peaklist:



# HMDB00660 (D-Fructose) 2D HSQC Peaklist:
	#	F2[ppm]	F1[ppm]	Intensity
	1	4.1055	78.0741	2332524.00
	2	4.0141	66.1200	809528.00
	3	3.9871	72.1456	8112020.00
	4	3.8856	72.5344	2209896.00
	5	3.7858	70.4286	2028992.00
	6	3.6995	66.4439	3119692.00
	7	3.5523	66.8327	1497976.00

 


