# HMDB00517 (L-Arginine) HNMR Peaklists:
Table of Peaks
No.	(ppm)	(Hz)	Height
1	1.615	968.27	0.0541
2	1.627	974.99	0.0879
3	1.632	978.28	0.0767
4	1.638	981.77	0.1110
5	1.644	985.31	0.1112
6	1.648	987.83	0.1044
7	1.656	992.33	0.1275
8	1.666	998.75	0.0978
9	1.691	1013.38	0.0876
10	1.697	1016.92	0.0529
11	1.701	1019.85	0.1180
12	1.708	1023.61	0.1115
13	1.713	1026.77	0.1052
14	1.718	1029.95	0.1303
15	1.725	1033.82	0.0768
16	1.729	1036.59	0.1101
17	1.736	1040.54	0.0404
18	1.741	1043.34	0.0788
19	1.752	1050.39	0.0403
20	1.853	1110.59	0.0222
21	1.864	1117.15	0.0991
22	1.876	1124.73	0.3339
23	1.889	1132.02	0.4829
24	1.893	1134.71	0.3663
25	1.903	1140.48	0.4493
26	1.913	1146.90	0.2580
27	1.921	1151.70	0.1110
28	1.935	1159.99	0.0359
29	2.272	1362.05	0.3198
30	2.285	1369.40	0.5847
31	2.297	1376.75	0.2840
32	2.893	1734.17	0.0195
33	2.920	1749.98	0.0187
34	2.996	1795.61	0.3259
35	3.008	1803.24	0.4377
36	3.021	1810.67	0.3163
37	3.033	1818.30	0.0294
38	3.046	1825.85	0.0480
39	3.059	1833.42	0.0246
40	3.221	1930.94	0.4902
41	3.233	1937.85	1.0000
42	3.244	1944.77	0.4864
43	3.742	2243.03	0.2830
44	3.752	2249.15	0.5767
45	3.763	2255.30	0.2997

Table of Multiplets
No.	Shift1 (ppm)	H's	Type	J (Hz)	Atom1	Multiplet1	(ppm)
1	1.641	1	none	-	7	M05	[1.608 .. 1.675]
2	1.716	1	m	10.09, 6.74, 3.40	7	M04	[1.683 .. 1.762]
3	1.890	2	dd	9.22, 6.53	6	M03	[1.844 .. 1.958]
4	3.233	2	t	6.91	8	M02	[3.207 .. 3.257]
5	3.752	1	t	6.13	4	M01	[3.701 .. 3.819]

Table of Assignments
No.	Atom	Exp. Shift (ppm)	Multiplet
1	7	1.641	M05
2	7	1.716	M04
3	6	1.890	M03
4	8	3.233	M02
5	4	3.752	M01

 


# HMDB00517 (L-Arginine) CNMR Peaklist:



# HMDB00517 (L-Arginine) 2D HSQC Peaklist:
     #     F2[ppm]      F1[ppm]    Intensity
     1     3.7614      57.2627     9401901.00
     2     3.2354      43.3232     14469810.00
     3     1.9062      30.4926     5843757.00
     4     1.6799      26.4533     1077918.00
 


