# HMDB00740 (Lactulose) HNMR Peaklists:
Table of Peaks
No.	(ppm)	(Hz)	Height
1	3.547	2127.20	0.1187
2	3.548	2128.02	0.1079
3	3.560	2135.11	0.4239
4	3.567	2139.13	0.2662
5	3.571	2141.50	0.0652
6	3.580	2146.82	0.5194
7	3.590	2152.89	0.2980
8	3.602	2160.00	0.2309
9	3.605	2162.15	0.3101
10	3.611	2165.35	0.1064
11	3.618	2169.89	0.3095
12	3.648	2187.89	0.0436
13	3.656	2192.77	0.1135
14	3.662	2196.22	0.1279
15	3.670	2200.76	0.4002
16	3.673	2202.58	0.2387
17	3.675	2204.15	0.3372
18	3.678	2205.89	0.1255
19	3.686	2210.69	0.1954
20	3.692	2214.13	0.2152
21	3.697	2217.16	0.1315
22	3.703	2220.99	0.1722
23	3.710	2224.83	0.2043
24	3.711	2225.54	0.2060
25	3.717	2229.24	0.6879
26	3.724	2233.45	0.0978
27	3.729	2236.18	0.1614
28	3.737	2241.01	0.7416
29	3.744	2245.17	0.2175
30	3.757	2253.22	0.5409
31	3.761	2255.67	0.3230
32	3.763	2256.69	0.3258
33	3.771	2261.48	0.0568
34	3.776	2264.68	0.1483
35	3.782	2268.38	0.1047
36	3.789	2272.62	0.3455
37	3.798	2277.69	0.1211
38	3.803	2280.94	0.3245
39	3.809	2284.33	0.2000
40	3.818	2289.87	0.1001
41	3.823	2292.82	0.1734
42	3.911	2345.58	0.4547
43	3.928	2355.45	0.9007
44	4.002	2400.10	0.2621
45	4.011	2405.25	0.0470
46	4.022	2411.87	0.2889
47	4.032	2417.96	0.0591
48	4.038	2421.63	0.0424
49	4.114	2467.30	0.2308
50	4.119	2470.58	0.2571
51	4.131	2477.30	0.1911
52	4.136	2480.58	0.2227
53	4.200	2518.81	0.2601
54	4.237	2541.00	0.0618
55	4.249	2548.19	0.1380
56	4.260	2555.00	0.1063
57	4.279	2566.52	0.2260
58	4.292	2573.83	0.1142
59	4.453	2670.57	0.1394
60	4.466	2678.40	0.1312
61	4.547	2726.83	0.3158
62	4.560	2734.60	0.3056

Table of Multiplets
No.	Shift1 (ppm)	H's	Type	J (Hz)	Atom1	Multiplet1	(ppm)
1	3.582	5	m	-	16, 39, 30, 7	M10	[3.530 .. 3.628]
2	3.732	8	m	-	19, 40, 17, 30, 36, 38	M09	[3.640 .. 3.836]
3	3.919	2	m	-	37, 26	M08	[3.897 .. 3.945]
4	4.012	2	m	-	5, 40	M07	[3.980 .. 4.043]
5	4.125	1	dd	10.01, 3.28	27	M06	[4.103 .. 4.151]
6	4.200	1	m	-	28	M05	[4.178 .. 4.214]
7	4.249	1	t	7.00	4	M04	[4.230 .. 4.266]
8	4.286	1	m	-	3	M03	[4.269 .. 4.300]
9	4.460	1	d	7.83	11	M02	[4.443 .. 4.479]
10	4.553	1	d	7.77	34	M01	[4.531 .. 4.577]

Table of Assignments
No.	Atom	Exp. Shift (ppm)	Multiplet
1	16	3.582	M10
2	39	3.582	M10
3	30	3.582	M10
4	7	3.582	M10
5	19	3.732	M09
6	40	3.732	M09
7	17	3.732	M09
8	30	3.732	M09
9	36	3.732	M09
10	38	3.732	M09
11	37	3.919	M08
12	26	3.919	M08
13	5	4.012	M07
14	40	4.012	M07
15	27	4.125	M06
16	28	4.200	M05
17	4	4.249	M04
18	3	4.286	M03
19	11	4.460	M02
20	34	4.553	M01

 


# HMDB00740 (Lactulose) 2D HSQC Peaklist:

 #     F2[ppm]           F1[ppm]       Intensity       
     1  4.5496          103.5339      4888412.00
     2  4.4549          105.6031      2068388.00
     3  4.2827           77.5605      1753412.00
     4  4.2436           86.8172      1378960.00
     5  4.1970           69.5660      8200028.00
     6  4.1187           80.1552      3446436.00
     7  4.0182           82.7499      1675052.00
     8  4.0126           65.7090      1134300.00
     9  3.9231           71.3893      9827012.00
    10  3.9138           68.9348      2243180.00
    11  3.8001           65.3851       736488.00
    12  3.7931           63.9854      2140624.00
    13  3.7561           63.9188      2797240.00
    14  3.7437           65.7184      1051828.00
    15  3.7243           66.6515      1159408.00
    16  3.7173           65.3851       715392.00
    17  3.7067           78.1155      3355920.00
    18  3.6679           75.5161      3807380.00
    19  3.5938           73.6499      1890232.00
    20  3.5780           65.3851       445312.00
    21  3.5674           66.6515      1078344.00
    22  3.5638           73.5166      1129732.00
 


