# HMDB00933 (Traumatic acid) HNMR Peaklists:
Table of Peaks
No.	(ppm)	(Hz)	Height
1	1.31	653.4	1.0000	
2	1.43	714.1	0.1176	
3	1.44	720.7	0.1611	
4	1.45	727.0	0.1065	
5	1.53	765.0	0.1138	
6	1.54	771.4	0.1708	
7	1.56	778.2	0.1286	
8	2.15	1072.8	0.0997	
9	2.16	1077.8	0.2793	
10	2.17	1084.4	0.4451	
11	2.18	1091.6	0.2411	
12	5.79	2895.7	0.1377	
13	5.82	2911.4	0.1471	
14	6.62	3310.8	0.0527	
15	6.64	3317.8	0.1041	
16	6.65	3325.5	0.0843	
17	6.67	3333.4	0.0984	
18	6.68	3340.4	0.0482	

Table of Multiplets
No.	Shift1 (ppm)	H's	Type	J (Hz)	Atom1	Multiplet1	(ppm)
1	6.65	6	m	-	12	M03	[6.62 .. 6.69]
2	5.81	5	d	15.69	13	M02	[5.78 .. 5.84]
3	2.16	4	m	-	11, 4	M04	[2.14 .. 2.20]
4	1.54	2	m	-	5	M05	[1.51 .. 1.58]
5	1.44	2	m	-	10	M06	[1.41 .. 1.47]
6	1.31	44	br. s.	-	9, 8, 7, 6	M01	[1.26 .. 1.35]

Table of Assignments
No.	Atom	Exp. Shift (ppm)	Multiplet
1	9	1.31	M01
2	8	1.31	M01
3	7	1.31	M01
4	6	1.31	M01
5	10	1.44	M06
6	5	1.54	M05
7	11	2.16	M04
8	4	2.16	M04
9	13	5.81	M02
10	12	6.65	M03




Table of Peaks
No.	(ppm)	(Hz)	Height
1	-0.000	-0.00	0.2769
2	1.290	773.69	1.0000
3	1.403	841.22	0.0381
4	1.414	848.17	0.1134
5	1.426	855.34	0.1493
6	1.438	862.50	0.0938
7	1.505	902.63	0.0339
8	1.517	909.75	0.1098
9	1.529	916.75	0.1624
10	1.541	923.91	0.1159
11	1.553	931.30	0.0339
12	2.133	1279.42	0.0852
13	2.136	1280.80	0.0895
14	2.146	1286.81	0.5092
15	2.158	1294.31	0.6890
16	2.171	1301.80	0.3472
17	5.782	3467.54	0.0926
18	5.784	3468.92	0.1713
19	5.787	3470.30	0.0908
20	5.808	3483.14	0.0984
21	5.810	3484.52	0.1814
22	5.813	3485.90	0.0947
23	6.621	3970.51	0.0735
24	6.632	3977.51	0.1512
25	6.644	3984.51	0.0795
26	6.647	3986.11	0.0763
27	6.658	3993.11	0.1421
28	6.670	4000.06	0.0660

Table of Assignments
No.	Atom	Exp. Shift (ppm)	Multiplet
1	9	1.290	M06
2	8	1.290	M06
3	7	1.290	M06
4	6	1.290	M06
5	10	1.426	M05
6	5	1.529	M04
7	4	2.158	M03
8	11	2.158	M03
9	13	5.797	M02
10	12	6.645	M01

Table of Multiplets
No.	Shift1 (ppm)	H's	Type	J (Hz)	Atom1	Multiplet1	(ppm)
1	1.290	8	m	-	9, 8, 7, 6	M06	[1.236 .. 1.340]
2	1.426	2	tt	-	10	M05	[1.375 .. 1.465]
3	1.529	2	tt	-	5	M04	[1.481 .. 1.582]
4	2.158	4	m	-	4, 11	M03	[2.068 .. 2.217]
5	5.797	1	dt	15.60, 1.38	13	M02	[5.743 .. 5.852]
6	6.645	1	dt	15.59, 6.98	12	M01	[6.571 .. 6.701]

 


# HMDB00933 (Traumatic acid) 2D HSQC Peaklist:
     #   F2[ppm]           F1[ppm]       Intensity       
     1   6.9493          151.3820       932376.00
     2   5.7882          122.5049        16656.00
     3   2.2753           35.0203      3171824.00
     4   2.2189           33.2020      3028112.00
     5   1.5975           26.2325      2789520.00
     6   1.4719           29.2134      2288248.00
     7   1.3366           30.3637     13384376.00

 


