# HMDB00668 (Hematoporphyrin IX) HNMR Peaklists:
Table of Peaks
No.	(ppm)	Height
1	2.15	0.3565
2	2.16	0.4457
3	3.20	0.1830
4	3.21	0.3207
5	3.22	0.1865
6	3.60	0.1243
7	3.61	0.1292
8	3.62	0.0776
9	3.63	0.4167
10	3.63	0.2110
11	3.64	0.4799
12	3.65	0.2837
13	3.68	0.0674
14	3.68	0.0671
15	3.70	0.3864
16	3.72	0.3234
17	3.72	0.3376
18	3.74	0.1227
19	3.75	0.0918
20	3.75	0.0623
21	4.30	0.0156
22	4.31	0.0243
23	4.32	0.0274
24	4.34	0.0606
25	4.35	0.1249
26	4.37	0.1404
27	4.38	0.0854
28	6.50	0.0104
29	6.51	0.0299
30	6.52	0.0591
31	6.53	0.0669
32	6.54	0.0484
33	6.55	0.0311
34	6.56	0.0221
35	6.57	0.0158
36	10.23	0.2059
37	10.23	0.1066
38	10.23	0.0784
39	10.26	0.0328
40	10.27	0.0276
41	10.28	0.1825
42	10.28	0.0698
43	10.31	0.0477

Table of Multiplets

No.	Shift1 (ppm)	H's	Type	J (Hz)	Atom1		Multiplet1	 (ppm)
1	2.15		6	d	6.66	44, 43		M06		[2.11 .. 2.20]
2	3.21		4	t	-	32, 27		M05		[3.17 .. 3.25]
3	3.64		12	m	-	30, 25, 37, 38	M04		[3.56 .. 3.78]
4	4.33		7	m	-	31, 26		M03		[4.24 .. 4.50]
5	6.52		2	m	-	39, 35		M02		[6.46 .. 6.64]
6	10.23		4	m	-	6, 18, 12, 24	M01		[10.20 .. 10.33]

Table of Assignments
No.	Atom	Exp. Shift (ppm)	Multiplet
1	44	2.15		M06
2	43	2.15		M06
3	32	3.21		M05
4	27	3.21		M05
5	30	3.64		M04
6	25	3.64		M04
7	37	3.64		M04
8	38	3.64		M04
9	31	4.33		M03
10	26	4.33		M03
11	39	6.52		M02
12	35	6.52		M02
13	6	10.23		M01
14	18	10.23		M01
15	12	10.23		M01
16	24	10.23	M01



 


# HMDB00668 (Hematoporphyrin IX) 2D HSQC Peaklist:
     #    F2[ppm]           F1[ppm]       Intensity       
     1    10.2587          96.7731      1440588.13
     2    6.5308           64.0530      5585758.00
     3    4.3650           21.2258     10560245.75
     4    3.7061           11.2754      8274239.38
     5    3.6236           11.2754     10380335.00
     6    3.2143           36.5443     15718788.50
     7    2.1558           26.9981     21485093.13

 


