# HMDB00290 (Uridine diphosphate-N-acetylglucosamine) HNMR Peaklists:
List of Peaks
No.	(ppm)	(Hz)	Height
1	2.070	1034.4	1.0000
2	3.527	1762.8	0.0732
3	3.546	1772.2	0.1102
4	3.565	1782.1	0.0892
5	3.782	1890.6	0.0746
6	3.794	1896.4	0.0519
7	3.803	1901.0	0.0936
8	3.810	1904.5	0.0705
9	3.821	1909.8	0.0979
10	3.852	1925.4	0.0645
11	3.856	1927.6	0.0823
12	3.877	1937.6	0.0416
13	3.881	1940.0	0.0449
14	3.899	1949.0	0.0435
15	3.904	1951.2	0.0457
16	3.908	1953.4	0.0439
17	3.912	1955.4	0.0389
18	3.919	1959.0	0.0395
19	3.924	1961.4	0.0438
20	3.928	1963.4	0.0398
21	3.933	1965.6	0.0360
22	3.956	1977.2	0.0294
23	3.962	1980.3	0.0417
24	3.968	1983.4	0.0338
25	3.975	1986.7	0.0366
26	3.981	1990.0	0.0485
27	3.988	1993.1	0.0363
28	3.996	1997.1	0.0284
29	4.002	2000.2	0.0336
30	4.008	2003.1	0.0248
31	4.155	2076.7	0.0238
32	4.161	2079.8	0.0276
33	4.167	2082.6	0.0250
34	4.172	2085.5	0.0255
35	4.179	2088.6	0.0354
36	4.185	2091.7	0.0370
37	4.190	2094.3	0.0346
38	4.196	2097.2	0.0332
39	4.216	2107.5	0.0312
40	4.222	2110.0	0.0356
41	4.226	2112.0	0.0334
42	4.231	2114.6	0.0377
43	4.240	2119.4	0.0225
44	4.245	2121.7	0.0255
45	4.249	2123.8	0.0230
46	4.254	2126.5	0.0258
47	4.276	2137.5	0.0425
48	4.282	2140.2	0.0359
49	4.343	2170.8	0.0290
50	4.353	2175.9	0.0545
51	4.359	2178.8	0.0724
52	4.366	2182.3	0.0556
53	4.377	2187.6	0.0256
54	5.492	2745.1	0.0560
55	5.499	2748.4	0.0569
56	5.506	2752.2	0.0630
57	5.513	2755.5	0.0586
58	5.952	2975.2	0.1808
59	5.966	2981.9	0.1632
60	5.968	2983.2	0.2300
61	5.974	2986.1	0.1319
62	7.934	3965.9	0.2409
63	7.951	3973.9	0.2353
64	8.334	4165.7	0.0636
65	8.353	4175.0	0.0609

List of Multiplets
No.	Shift1 (ppm)	H's	Type	J (Hz)	Atom1	Multiplet1	 (ppm)
1	2.070	1	s	-	21	M03	[2.045 .. 2.089]
2	3.555	1	dd	-	5	M02	[3.521 .. 3.571]
3	3.802	1	m	-	4, 15	M14	[3.776 .. 3.829]
4	3.867	1	dd	-	15	M05	[3.842 .. 3.888]
5	3.916	1	m	-	6	M15	[3.893 .. 3.939]
6	3.978	2	ddd	13.22, 6.73, 3.11	3	M06	[3.953 .. 4.012]
7	4.176	1	m	-	23	M16	[4.144 .. 4.206]
8	4.235	1	m	-	23	M04	[4.211 .. 4.258]
9	4.279	1	m	-	24	M07	[4.259 .. 4.298]
10	4.358	1	m	-	28, 27	M09	[4.323 .. 4.396]
11	5.503	2	dd	7.14, 3.29	2	M10	[5.468 .. 5.525]
12	5.952	1	d	8.05	34	M12	[5.950 .. 5.970]
13	5.970	1	d	8.05	26	M11	[5.961 .. 5.980]
14	7.942	2	d	8.05	35	M13	[7.908 .. 7.960]
15	8.341	1	d	-	10	M08	[8.315 .. 8.367]

List of Assignments
No.	Atom	Exp. Shift (ppm)	Multiplet
1	21	2.070	M03
2	5	3.555	M02
3	4	3.802	M14
4	15	3.802	M14
5	15	3.867	M05
6	6	3.916	M15
7	3	3.978	M06
8	23	4.176	M16
9	23	4.235	M04
10	24	4.279	M07
11	28	4.358	M09
12	27	4.358	M09
13	2	5.503	M10
14	34	5.952	M12
15	26	5.970	M11
16	35	7.942	M13
17	10	8.341	M08




Uridine diphosphate-N-acetylglucosamine
 HMDB00290
1DNMR spectrum:600MHz in H2O 
Sample: 50mM at PH 7.0
 Reference to DSS

Table of Multiplets
No. 	H's 	Type 	J (Hz) 	Atom1 	Multiplet1 	 (ppm)
1 	3 	s 	- 	36 	M13 	[2.04 .. 2.10]
2 	1 	t 	9.60 	5 	M12 	[3.52 .. 3.60]
3 	3 	m 	- 	4, 22 	M11 	[3.77 .. 3.88]
4 	1 	m 	- 	6 	M10 	[3.88 .. 3.94]
5 	1 	m 	- 	3 	M09 	[3.94 .. 4.02]
6 	1 	m 	- 	11 	M08 	[4.14 .. 4.20]
7 	1 	m 	- 	11 	M07 	[4.20 .. 4.26]
8 	1 	br. s. 	- 	12 	M06 	[4.26 .. 4.31]
9 	2 	m 	- 	16, 15 	M05 	[4.32 .. 4.40]
10 	1 	dd 	7.25, 3.32 	2 	M04 	[5.47 .. 5.54]
11 	2 	d 	3.91 	14, 32 	M03 	[5.92 .. 6.01]
12 	0 	d 	8.12 	33 	M02 	[7.89 .. 7.97]
13 	1 	d 	9.24 	17 	M01 	[8.30 .. 8.36]

Table of Peaks
No. 	(ppm) 	(Hz) 	Height
1 	2.069 	1242.34 	1.0000
2 	3.544 	2127.28 	0.0791
3 	3.560 	2136.96 	0.1513
4 	3.575 	2146.43 	0.0997
5 	3.786 	2272.97 	0.0848
6 	3.803 	2283.10 	0.1688
7 	3.809 	2286.84 	0.0604
8 	3.819 	2292.56 	0.0995
9 	3.823 	2295.20 	0.1083
10 	3.831 	2299.60 	0.1119
11 	3.848 	2309.95 	0.0987
12 	3.851 	2311.93 	0.1340
13 	3.868 	2322.27 	0.0405
14 	3.872 	2324.47 	0.0483
15 	3.893 	2337.02 	0.0514
16 	3.897 	2339.22 	0.0642
17 	3.899 	2340.98 	0.0627
18 	3.903 	2343.18 	0.0519
19 	3.910 	2347.14 	0.0495
20 	3.913 	2349.34 	0.0607
21 	3.920 	2353.30 	0.0461
22 	3.963 	2378.83 	0.0466
23 	3.967 	2381.69 	0.0388
24 	3.979 	2388.73 	0.0696
25 	3.990 	2395.34 	0.0272
26 	3.996 	2398.64 	0.0353
27 	4.152 	2492.83 	0.0245
28 	4.158 	2495.91 	0.0328
29 	4.161 	2498.11 	0.0323
30 	4.167 	2501.41 	0.0329
31 	4.172 	2504.50 	0.0474
32 	4.177 	2507.80 	0.0545
33 	4.181 	2509.78 	0.0557
34 	4.187 	2513.30 	0.0491
35 	4.221 	2533.99 	0.0434
36 	4.225 	2536.41 	0.0634
37 	4.228 	2538.39 	0.0598
38 	4.232 	2540.81 	0.0605
39 	4.240 	2545.65 	0.0289
40 	4.244 	2548.07 	0.0367
41 	4.248 	2550.05 	0.0342
42 	4.252 	2552.69 	0.0341
43 	4.282 	2570.74 	0.1094
44 	4.286 	2573.16 	0.0908
45 	4.335 	2602.43 	0.0725
46 	4.344 	2607.71 	0.1557
47 	4.351 	2612.11 	0.1331
48 	4.357 	2615.64 	0.1444
49 	4.365 	2620.70 	0.1627
50 	4.374 	2625.76 	0.0681
51 	5.499 	3301.18 	0.0845
52 	5.504 	3304.26 	0.0965
53 	5.511 	3308.22 	0.0941
54 	5.516 	3311.52 	0.0927
55 	5.957 	3576.28 	0.2051
56 	5.970 	3583.98 	0.2923
57 	5.976 	3587.50 	0.2137
58 	7.925 	4757.66 	0.1860
59 	7.939 	4765.80 	0.1809
60 	8.323 	4996.45 	0.0626
61 	8.338 	5005.69 	0.0618

Table of Assignments
No. 	Atom 	Multiplet
1 	36 	M13
2 	5 	M12
3 	4 	M11
4 	22 	M11
5 	6 	M10
6 	3 	M09
7 	11 	M08
8 	11 	M07
9 	12 	M06
10 	16 	M05
11 	15 	M05
12 	2 	M04
13 	14 	M03
14 	32 	M03
15 	33 	M02
16 	17 	M01

 


# HMDB00290 (Uridine diphosphate-N-acetylglucosamine) 2D HSQC Peaklist:
         F2[ppm] F1[ppm]    Intensity       
     1   7.9356  144.2548   1151214.00
     2   5.9698  105.2760   3655338.00
     3   5.5075  97.0305    4372727.00
     4   5.9738  91.0338    3932845.00
     5   4.2851  85.6504    3120970.00
     6   4.3688  76.3804    3576514.00
     7   3.9104  75.6079    2651492.00
     8   3.8090  73.4836    1933333.00
     9   4.3512  72.3248    2589190.00
    10   3.5621  72.1317    3013730.00
    11   4.2366  67.5933    1884474.00
    12   4.1749  67.5933    2445590.00
    13   3.8442  62.7652    1753628.00
    14   3.9853  56.1990    1866806.00
    15   2.0720  24.7198    11212433.00

 


