# HMDB00415 (3a,6b,7b-Trihydroxy-5b-cholanoic acid) HNMR Peaklists:
Table of Peaks
No.	(ppm)	Height
1	0.61	0.8005
2	0.63	0.3857
3	0.84	0.8792
4	0.87	0.2288
5	0.87	0.2534
6	0.88	0.5323
7	0.89	0.6415
8	0.97	0.0686
9	0.98	0.0714
10	0.99	0.0787
11	1.00	0.3091
12	1.02	0.1109
13	1.02	0.0901
14	1.03	0.0829
15	1.05	0.0784
16	1.06	0.0834
17	1.07	0.1288
18	1.07	0.1027
19	1.08	0.1662
20	1.16	0.1238
21	1.17	0.1210
22	1.18	0.1686
23	1.18	0.1673
24	1.19	0.1729
25	1.20	0.1923
26	1.21	0.2130
27	1.21	0.1834
28	1.23	0.2739
29	1.24	0.5625
30	1.26	0.2722
31	1.30	0.1060
32	1.32	0.0980
33	1.33	0.1154
34	1.35	0.2171
35	1.36	0.1917
36	1.36	0.2255
37	1.37	0.2393
38	1.38	0.2468
39	1.39	0.2248
40	1.40	0.2412
41	1.40	0.2166
42	1.42	0.1609
43	1.42	0.1183
44	1.43	0.0929
45	1.44	0.0926
46	1.46	0.1604
47	1.47	0.1610
48	1.47	0.1579
49	1.48	0.1705
50	1.48	0.1762
51	1.67	0.1092
52	1.67	0.1248
53	1.69	0.1864
54	1.69	0.1656
55	1.69	0.1671
56	1.70	0.1428
57	1.71	0.1386
58	1.71	0.1463
59	1.74	0.0833
60	1.74	0.0859
61	1.76	0.1160
62	1.76	0.1159
63	1.77	0.1109
64	1.78	0.1071
65	1.78	0.1176
66	1.79	0.1268
67	1.79	0.1313
68	1.80	0.1262
69	1.80	0.1199
70	1.81	0.1026
71	1.82	0.0960
72	1.82	0.0997
73	1.83	0.0806
74	1.89	0.0316
75	1.90	0.0815
76	1.91	0.0711
77	1.92	0.0756
78	1.92	0.0959
79	1.95	0.0486
80	1.95	0.0491
81	1.98	0.0227
82	2.05	0.0347
83	2.06	0.0537
84	2.07	0.0570
85	2.08	0.0879
86	2.09	0.0870
87	2.09	0.0881
88	2.10	0.0717
89	2.17	0.0407
90	2.19	0.1215
91	2.20	0.0984
92	2.21	0.1582
93	2.21	0.1047
94	2.22	0.0925
95	2.23	0.0902
96	3.17	0.0487
97	3.18	0.0663
98	3.19	0.0870
99	3.20	0.0824
100	3.20	0.0767
101	3.21	0.0788
102	3.21	0.0806
103	3.63	0.1142

Table of Multiplets
No.	Shift1 (ppm)	H's	Type	Atom1			Multiplet1	(ppm)
1	0.62		3	m	18			M15		[0.58 .. 0.68]
2	0.84		3	s	26			M14		[0.82 .. 0.85]
3	0.88		4	m	17, 28			M13		[0.86 .. 0.93]
4	1.00		1	m	4			M12		[0.96 .. 1.04]
5	1.07		2	m	2, 13			M11		[1.04 .. 1.14]
6	1.22		5	m	16, 12, 20, 3, 9	M10		[1.14 .. 1.31]
7	1.36		4	m	6, 19, 12, 5		M09		[1.32 .. 1.44]
8	1.46		2	m	16, 14			M08		[1.44 .. 1.54]
9	1.69		3	m	4, 20, 17		M07		[1.63 .. 1.73]
10	1.80		2	m	11, 3			M06		[1.73 .. 1.86]
11	1.93		1	m	13			M05		[1.87 .. 1.98]
12	2.08		1	br. s.	21			M04		[2.04 .. 2.13]
13	2.20		2	m	14, 21			M03		[2.15 .. 2.26]
14	3.19		1	m	15			M02		[3.15 .. 3.23]
15	3.63		1	br. s.	7			M01		[3.59 .. 3.70]

Table of Assignments
No.	Atom	Exp. Shift (ppm)	Multiplet
1	18	0.62			M15
2	26	0.84			M14
3	17	0.88			M13
4	28	0.88			M13
5	4	1.00			M12
6	2	1.07			M11
7	13	1.07			M11
8	16	1.22			M10
9	12	1.22			M10
10	20	1.22			M10
11	3	1.22			M10
12	9	1.22			M10
13	6	1.36			M09
14	19	1.36			M09
15	12	1.36			M09
16	5	1.36			M09
17	16	1.46			M08
18	14	1.46			M08
19	4	1.69			M07
20	20	1.69			M07
21	17	1.69			M07
22	11	1.80			M06
23	3	1.80			M06
24	13	1.93			M05
25	21	2.08			M04
26	14	2.20			M03
27	21	2.20			M03
28	15	3.19			M02
29	7	3.63			M01


 


# HMDB00415 (3a,6b,7b-Trihydroxy-5b-cholanoic acid) 2D HSQC Peaklist:
     #      F2[ppm]           F1[ppm]       Intensity 
     1       3.6307           66.0709     59782847.00
     2       3.3964           75.0292     20764109.50
     3       3.1907           70.0521     30061955.50
     4       2.2059           30.8785     28450990.50
     5       2.2052           39.5089     18656792.00
     6       2.0876           30.8799     28830751.50
     7       1.9239           39.1735     31785679.50
     8       1.7935           27.6628     17972892.50
     9       1.7603           32.2074     28904547.50
    10       1.6954           35.1929     15817272.00
    11       1.6897           30.7034     28368739.00
    12       1.6792           22.9113     18882099.00
    13       1.4689           39.5076     18161265.00
    14       1.4768           30.2130     25803283.50
    15       1.4191           49.8012     19342859.00
    16       1.3948           20.0868     19441635.00
    17       1.3725           34.8614     50760575.00
    18       1.3552           38.8417     22713657.50
    19       1.2554           41.1709     29820749.50
    20       1.2495           27.6615     16126784.50
    21       1.2393           30.7049     11898030.50
    22       1.2025           20.0849     12797967.50
    23       1.1738           30.5508     26881325.00
    24       1.1005           39.1732     18890108.00
    25       1.0848           55.4445     27933094.00
    26       0.9879           22.9109     12978956.50
    27       0.8909           17.9329     98569729.00
    28       0.8840           35.1925     15610710.00
    29       0.8389           22.5654    147923235.00
    30       0.6161           11.6194     57713867.50

 


