# HMDB03231 (Vaccenic acid) HNMR Peaklists:
Table of Peaks
No.	(ppm)	(Hz)	Height
1	0.87	437.1	0.2341	
2	0.89	444.2	0.5009	
3	0.90	450.9	0.2103	
4	1.28	639.2	1.0000	
5	1.31	654.9	0.3733	
6	1.32	661.8	0.3712	
7	1.34	668.5	0.3349	
8	1.61	805.4	0.0465	
9	1.63	813.0	0.1300	
10	1.64	820.4	0.1674	
11	1.66	827.5	0.1112	
12	1.67	834.9	0.0354	
13	1.97	983.8	0.2774	
14	1.98	988.4	0.2901	
15	2.34	1170.3	0.2254	
16	2.36	1177.9	0.3801	
17	2.37	1185.4	0.2025	
18	5.39	2695.0	0.0391	

Table of Assignments
No.	Atom	Exp. Shift (ppm)	Multiplet
1	20	0.89	M02
2	15	1.31	M04
3	6	1.31	M04
4	7	1.31	M04
5	8	1.31	M04
6	9	1.31	M04
7	10	1.31	M04
8	16	1.31	M04
9	17	1.31	M04
10	18	1.31	M04
11	19	1.31	M04
12	5	1.64	M05
13	11	1.97	M03
14	14	1.97	M03
15	4	2.36	M01
16	12	5.39	M06
17	13	5.39	M06

Table of Multiplets
No.	Shift1 (ppm)	H's	Type	Atom1	Multiplet1	(ppm)
1	0.89	3	t	20	M02	[0.86 .. 0.93]
2	1.31	23	m	15, 6, 7, 8, 9, 10, 16, 17, 18, 19	M04	[1.22 .. 1.40]
3	1.64	2	m	5	M05	[1.60 .. 1.69]
4	1.97	5	m	11, 14	M03	[1.94 .. 2.00]
5	2.36	2	t	4	M01	[2.33 .. 2.39]
6	5.39	1	m	12, 13	M06	[5.35 .. 5.43]




# HMDB03231 (Vaccenic acid) 2D HSQC Peaklist:
     # F2[ppm]           F1[ppm]       Intensity      
     1  5.3826          130.4438     41269436.75
     2  2.3428           34.0450     30647179.25
     3  1.9647           32.6730     76909703.25
     4  1.6320           24.6943     29876356.50
     5  1.3258           29.4599     54845550.25
     6  1.2912           22.6726     13554375.00
     7  1.2699           29.3155    119414406.00
     8  1.2646           31.8066     16809363.50
     9  0.9132           14.1162     10612514.00
    10  0.8493           14.1162     10787114.75

 


