# HMDB02339 (5-Methoxytryptophan) HNMR Peaklists:
Table of Peaks
No.	(ppm)	(Hz)	Height
1	3.253	1952.92	0.0396
2	3.266	1960.85	0.0410
3	3.279	1968.27	0.0543
4	3.292	1976.25	0.0551
5	3.411	2047.50	0.0481
6	3.419	2052.34	0.0515
7	3.436	2062.96	0.0369
8	3.444	2067.75	0.0367
9	3.893	2337.29	1.0000
10	4.030	2419.16	0.0712
11	4.038	2424.11	0.0819
12	4.043	2427.14	0.0770
13	4.051	2432.03	0.0672
14	6.923	4156.30	0.0676
15	6.927	4158.77	0.0709
16	6.938	4165.10	0.0716
17	6.942	4167.58	0.0750
18	7.276	4368.18	0.1255
19	7.280	4370.65	0.1267
20	7.312	4389.69	0.1396
21	7.445	4469.36	0.1482
22	7.459	4478.16	0.1387

Table of Multiplets
No.	Shift1 (ppm)	H's	Type	J (Hz)		Atom1	Multiplet1	 (ppm)
1	3.31		2	m	-		10	M07		[3.24 .. 3.46]
2	3.89		3	s	-		14	M06		[3.88 .. 3.91]
3	4.04		1	dd	7.95, 4.92	11	M05		[4.02 .. 4.06]
4	6.93		1	dd	8.80, 2.48	7	M04		[6.91 .. 6.95]
5	7.28		1	d	2.48		9	M03		[7.27 .. 7.29]
6	7.31		1	s	-		2	M02		[7.30 .. 7.33]
7	7.45		1	d	8.80		6	M01		[7.44 .. 7.47]

Table of Assignments
No.	Atom	Exp. Shift (ppm)	Multiplet
1	10	3.31		M07
2	14	3.89		M06
3	11	4.04		M05
4	7	6.93		M04
5	9	7.28		M03
6	2	7.31		M02
7	6	7.45		M01
 


# HMDB02339 (5-Methoxytryptophan) 2D HSQC Peaklist:
     #     F2[ppm]           F1[ppm]       Intensity       

     1   7.4546          115.6179      2166631.50
     2   7.3149          128.8453      5449196.50
     3   7.2793          103.5172      5459841.00
     4   6.9340          114.5891      2545359.50
     5   4.0408           57.7458      3032512.00
     6   3.8953           58.7970     10087167.00
     7   3.4282           29.2342       607143.50
     8   3.2750           29.1686      1169215.00

 


