# HMDB00215 (N-Acetyl-D-glucosamine) HNMR Peaklists:


Table of Peaks

No. 	(ppm) 	(Hz) 	Height
1 	5.20 	3117.4 	0.1313 	
2 	5.19 	3113.9 	0.1370 	
3 	4.71 	2826.3 	0.0590 	
4 	4.70 	2817.9 	0.0606 	
5 	3.91 	2346.3 	0.0462 	
6 	3.89 	2335.1 	0.0557 	
7 	3.89 	2333.9 	0.0567 	
8 	3.88 	2329.1 	0.0243 	
9 	3.88 	2325.5 	0.0251 	
10 	3.87 	2318.4 	0.0475 	
11 	3.86 	2314.9 	0.0655 	
12 	3.86 	2312.4 	0.0779 	
13 	3.85 	2309.8 	0.1427 	
14 	3.85 	2306.3 	0.0591 	
15 	3.84 	2303.0 	0.0578 	
16 	3.83 	2299.6 	0.1585 	
17 	3.83 	2297.5 	0.1059 	
18 	3.80 	2278.3 	0.0783 	
19 	3.79 	2272.7 	0.0687 	
20 	3.78 	2265.5 	0.0619 	
21 	3.77 	2263.9 	0.0873 	
22 	3.77 	2260.2 	0.0363 	
23 	3.76 	2254.7 	0.1042 	
24 	3.76 	2253.4 	0.1018 	
25 	3.75 	2248.3 	0.0377 	
26 	3.74 	2244.2 	0.0645 	
27 	3.74 	2241.3 	0.0328 	
28 	3.73 	2238.7 	0.0235 	
29 	3.73 	2236.0 	0.0286 	
30 	3.69 	2213.1 	0.0114 	
31 	3.67 	2203.9 	0.0315 	
32 	3.66 	2194.3 	0.0371 	
33 	3.64 	2185.5 	0.0180 	
34 	3.55 	2126.4 	0.0261 	
35 	3.54 	2122.1 	0.0210 	
36 	3.53 	2117.6 	0.0399 	
37 	3.52 	2111.1 	0.0197 	
38 	3.51 	2107.4 	0.0302 	
39 	3.50 	2097.8 	0.0745 	
40 	3.48 	2088.5 	0.1122 	
41 	3.47 	2082.9 	0.0137 	
42 	3.47 	2079.1 	0.0671 	
43 	3.46 	2073.7 	0.1110 	
44 	3.45 	2071.7 	0.1156 	
45 	3.45 	2066.7 	0.0882 	
46 	3.43 	2057.1 	0.0086 	
47 	2.04 	1224.9 	1.0000 	
48 	0.00 	0.0 	0.0719 	


Table of Multiplets

No. 	Shift1 (ppm) 	H's 	Type 	J (Hz) 	Atom1 	Multiplet1 	 (ppm)
1 	5.20 	6 	d 	3.53 	2 	M01 	[5.15 .. 5.22]
2 	4.71 	3 	d 	8.38 	17 	M02 	[4.68 .. 4.72]
3 	3.90 	4 	dd 	- 	28 	M03 	[3.89 .. 3.93]
4 	3.85 	16 	m 	- 	6, 13, 3 	M04 	[3.81 .. 3.89]
5 	3.76 	15 	m 	- 	28, 4, 13 	M05 	[3.72 .. 3.81]
6 	3.67 	4 	m 	- 	18 	M06 	[3.63 .. 3.70]
7 	3.53 	4 	m 	- 	19 	M07 	[3.51 .. 3.55]
8 	3.46 	14 	m 	- 	21, 20, 5 	M08 	[3.42 .. 3.51]
9 	2.04 	26 	s 	- 	30, 15 	M09 	[2.02 .. 2.07]


Table of Assignments

No. 	Atom 	Exp. Shift (ppm) 	Multiplet
1 	30 	2.04 	M09
2 	15 	2.04 	M09
3 	21 	3.46 	M08
4 	20 	3.46 	M08
5 	5 	3.46 	M08
6 	19 	3.53 	M07
7 	18 	3.67 	M06
8 	28 	3.76 	M05
9 	4 	3.76 	M05
10 	13 	3.76 	M05
11 	6 	3.85 	M04
12 	13 	3.85 	M04
13 	3 	3.85 	M04
14 	28 	3.90 	M03
15 	17 	4.71 	M02
16 	2 	5.20 	M01

 


# HMDB00215 (N-Acetyl-D-glucosamine) 2D HSQC Peaklist:
	#	F2[ppm]	F1[ppm]	Intensity
	1	5.1929	93.5977	15960846.00
	2	4.7015	97.7184	5345049.00
	3	3.9042	63.4833	1852562.00
	4	3.8647	56.8119	4986084.00
	5	3.8432	63.3994	4342509.00
	6	3.8444	74.2667	5349626.00
	7	3.7905	63.2736	5776863.00
	8	3.7558	73.4275	5659498.00
	9	3.7510	63.5673	3721600.00
	10	3.6672	59.4973	2855948.00
	11	3.5259	76.6583	2995696.00
	12	3.4826	72.7702	6991479.00
	13	3.4587	72.7244	5993713.00
	14	3.4524	78.6552	6594344.00
	15	2.0439	24.7102	30676563.00

 


